local args = {
    [1] = 14878985905,
    [2] = Enum.NormalId.Left,
    [3] = 250,
	[4] = workspace:WaitForChild("Lobby"):WaitForChild("InvisWalls"):WaitForChild("InvisWall"),
	[5] = CFrame.new(-108.35073852539062, 141.37982177734375, -130.908931732177734, 0.9996573328971863, -0.004585431423038244, 0.025772124528884888, 1.1852729908667925e-10, 0.9845380783081055, 0.1751711070537567, -0.026176869869232178, -0.1751110851764679, 0.9842007160186768)
}

game:GetService("Players").LocalPlayer.Character.SprayPaint.Remote:FireServer(unpack(args)) 

wait(0.4)

local args = {
    [1] = 14878985905,
    [2] = Enum.NormalId.Left,
    [3] = 250,
	[4] = workspace:WaitForChild("Lobby"):WaitForChild("InvisWalls"):WaitForChild("InvisWall"),
    [5] = CFrame.new(-108.35073852539062, 141.37982177734375, -127.908931732177734, 0.9996573328971863, -0.004585431423038244, 0.025772124528884888, 1.1852729908667925e-10, 0.9845380783081055, 0.1751711070537567, -0.026176869869232178, -0.1751110851764679, 0.9842007160186768)
}

game:GetService("Players").LocalPlayer.Character.SprayPaint.Remote:FireServer(unpack(args)) 

wait(0.4)
 
local args = {
    [1] = 14878985905,
    [2] = Enum.NormalId.Left,
    [3] = 250,
	[4] = workspace:WaitForChild("Lobby"):WaitForChild("InvisWalls"):WaitForChild("InvisWall"),
    [5] = CFrame.new(-108.35073852539062, 141.37982177734375, -124.908931732177734, 0.9996573328971863, -0.004585431423038244, 0.025772124528884888, 1.1852729908667925e-10, 0.9845380783081055, 0.1751711070537567, -0.026176869869232178, -0.1751110851764679, 0.9842007160186768)
}

game:GetService("Players").LocalPlayer.Character.SprayPaint.Remote:FireServer(unpack(args)) 

wait(0.4)


local args = {
    [1] = 14878985905,
    [2] = Enum.NormalId.Left,
    [3] = 250,
	[4] = workspace:WaitForChild("Lobby"):WaitForChild("InvisWalls"):WaitForChild("InvisWall"),
    [5] = CFrame.new(-108.35073852539062, 141.37982177734375, -120.908931732177734, 0.9996573328971863, -0.004585431423038244, 0.025772124528884888, 1.1852729908667925e-10, 0.9845380783081055, 0.1751711070537567, -0.026176869869232178, -0.1751110851764679, 0.9842007160186768)
}

game:GetService("Players").LocalPlayer.Character.SprayPaint.Remote:FireServer(unpack(args)) 

wait(0.4)
 
local args = {
    [1] = 14878985905,
    [2] = Enum.NormalId.Left,
    [3] = 250,
	[4] = workspace:WaitForChild("Lobby"):WaitForChild("InvisWalls"):WaitForChild("InvisWall"),
    [5] = CFrame.new(-108.35073852539062, 141.37982177734375, -116.908931732177734, 0.9996573328971863, -0.004585431423038244, 0.025772124528884888, 1.1852729908667925e-10, 0.9845380783081055, 0.1751711070537567, -0.026176869869232178, -0.1751110851764679, 0.9842007160186768)
}

game:GetService("Players").LocalPlayer.Character.SprayPaint.Remote:FireServer(unpack(args)) 

wait(0.4)


local args = {
    [1] = 14878985905,
    [2] = Enum.NormalId.Left,
    [3] = 250,
	[4] = workspace:WaitForChild("Lobby"):WaitForChild("InvisWalls"):WaitForChild("InvisWall"),
    [5] = CFrame.new(-108.35073852539062, 141.37982177734375, -112.908931732177734, 0.9996573328971863, -0.004585431423038244, 0.025772124528884888, 1.1852729908667925e-10, 0.9845380783081055, 0.1751711070537567, -0.026176869869232178, -0.1751110851764679, 0.9842007160186768)
}

game:GetService("Players").LocalPlayer.Character.SprayPaint.Remote:FireServer(unpack(args)) 

wait(0.4)


local args = {
    [1] = 14878985905,
    [2] = Enum.NormalId.Left,
    [3] = 250,
    [4] = workspace:WaitForChild("Lobby"):WaitForChild("InvisWalls"):WaitForChild("InvisWall"),
    [5] = CFrame.new(-108.35073852539062, 141.37982177734375, -108.908931732177734, 0.9996573328971863, -0.004585431423038244, 0.025772124528884888, 1.1852729908667925e-10, 0.9845380783081055, 0.1751711070537567, -0.026176869869232178, -0.1751110851764679, 0.9842007160186768)
}

game:GetService("Players").LocalPlayer.Character.SprayPaint.Remote:FireServer(unpack(args)) 

wait(0.4)
 
local args = {
    [1] = 14878985905,
    [2] = Enum.NormalId.Left,
    [3] = 250,
    [4] = workspace:WaitForChild("Lobby"):WaitForChild("InvisWalls"):WaitForChild("InvisWall"),
	    [5] = CFrame.new(-108.35073852539062, 141.37982177734375, -100.908931732177734, 0.9996573328971863, -0.004585431423038244, 0.025772124528884888, 1.1852729908667925e-10, 0.9845380783081055, 0.1751711070537567, -0.026176869869232178, -0.1751110851764679, 0.9842007160186768)
}

game:GetService("Players").LocalPlayer.Character.SprayPaint.Remote:FireServer(unpack(args)) 

wait(0.4)
 
local args = {
    [1] = 14878985905,
    [2] = Enum.NormalId.Left,
    [3] = 250,
    [4] = workspace:WaitForChild("Lobby"):WaitForChild("InvisWalls"):WaitForChild("InvisWall"),
    [5] = CFrame.new(-108.35073852539062, 141.37982177734375, -96.908931732177734, 0.9996573328971863, -0.004585431423038244, 0.025772124528884888, 1.1852729908667925e-10, 0.9845380783081055, 0.1751711070537567, -0.026176869869232178, -0.1751110851764679, 0.9842007160186768)
}

game:GetService("Players").LocalPlayer.Character.SprayPaint.Remote:FireServer(unpack(args)) 

wait(0.4)
 
local args = {
    [1] = 14878985905,
    [2] = Enum.NormalId.Left,
    [3] = 250,
    [4] = workspace:WaitForChild("Lobby"):WaitForChild("InvisWalls"):WaitForChild("InvisWall"),
    [5] = CFrame.new(-108.35073852539062, 141.37982177734375, -92.908931732177734, 0.9996573328971863, -0.004585431423038244, 0.025772124528884888, 1.1852729908667925e-10, 0.9845380783081055, 0.1751711070537567, -0.026176869869232178, -0.1751110851764679, 0.9842007160186768)
}

game:GetService("Players").LocalPlayer.Character.SprayPaint.Remote:FireServer(unpack(args)) 

wait(0.4)
 
local args = {
    [1] = 14878985905,
    [2] = Enum.NormalId.Left,
    [3] = 250,
    [4] = workspace:WaitForChild("Lobby"):WaitForChild("InvisWalls"):WaitForChild("InvisWall"),
    [5] = CFrame.new(-108.35073852539062, 141.37982177734375, -88.908931732177734, 0.9996573328971863, -0.004585431423038244, 0.025772124528884888, 1.1852729908667925e-10, 0.9845380783081055, 0.1751711070537567, -0.026176869869232178, -0.1751110851764679, 0.9842007160186768)
}

game:GetService("Players").LocalPlayer.Character.SprayPaint.Remote:FireServer(unpack(args)) 

wait(0.4)
 
local args = {
    [1] = 14878985905,
    [2] = Enum.NormalId.Left,
    [3] = 250,
    [4] = workspace:WaitForChild("Lobby"):WaitForChild("InvisWalls"):WaitForChild("InvisWall"),
    [5] = CFrame.new(-108.35073852539062, 141.37982177734375, -84.908931732177734, 0.9996573328971863, -0.004585431423038244, 0.025772124528884888, 1.1852729908667925e-10, 0.9845380783081055, 0.1751711070537567, -0.026176869869232178, -0.1751110851764679, 0.9842007160186768)
}

game:GetService("Players").LocalPlayer.Character.SprayPaint.Remote:FireServer(unpack(args)) 

wait(0.4)


local args = {
    [1] = 14878985905,
    [2] = Enum.NormalId.Left,
    [3] = 250,
    [4] = workspace:WaitForChild("Lobby"):WaitForChild("InvisWalls"):WaitForChild("InvisWall"),
    [5] = CFrame.new(-108.35073852539062, 141.37982177734375, -80.908931732177734, 0.9996573328971863, -0.004585431423038244, 0.025772124528884888, 1.1852729908667925e-10, 0.9845380783081055, 0.1751711070537567, -0.026176869869232178, -0.1751110851764679, 0.9842007160186768)
}

game:GetService("Players").LocalPlayer.Character.SprayPaint.Remote:FireServer(unpack(args)) 

wait(0.4)
 
local args = {
    [1] = 14878985905,
    [2] = Enum.NormalId.Left,
    [3] = 250,
    [4] = workspace:WaitForChild("Lobby"):WaitForChild("InvisWalls"):WaitForChild("InvisWall"),
    [5] = CFrame.new(-108.35073852539062, 141.37982177734375, -76.908931732177734, 0.9996573328971863, -0.004585431423038244, 0.025772124528884888, 1.1852729908667925e-10, 0.9845380783081055, 0.1751711070537567, -0.026176869869232178, -0.1751110851764679, 0.9842007160186768)
}

game:GetService("Players").LocalPlayer.Character.SprayPaint.Remote:FireServer(unpack(args)) 

wait(0.4)


local args = {
    [1] = 14878985905,
    [2] = Enum.NormalId.Left,
    [3] = 250,
    [4] = workspace:WaitForChild("Lobby"):WaitForChild("InvisWalls"):WaitForChild("InvisWall"),
    [5] = CFrame.new(-108.35073852539062, 141.37982177734375, -72.908931732177734, 0.9996573328971863, -0.004585431423038244, 0.025772124528884888, 1.1852729908667925e-10, 0.9845380783081055, 0.1751711070537567, -0.026176869869232178, -0.1751110851764679, 0.9842007160186768)
}

game:GetService("Players").LocalPlayer.Character.SprayPaint.Remote:FireServer(unpack(args)) 

wait(0.4)


local args = {
    [1] = 14878985905,
    [2] = Enum.NormalId.Left,
    [3] = 250,
    [4] = workspace:WaitForChild("Lobby"):WaitForChild("InvisWalls"):WaitForChild("InvisWall"),
    [5] = CFrame.new(-108.35073852539062, 141.37982177734375, -68.908931732177734, 0.9996573328971863, -0.004585431423038244, 0.025772124528884888, 1.1852729908667925e-10, 0.9845380783081055, 0.1751711070537567, -0.026176869869232178, -0.1751110851764679, 0.9842007160186768)
}

game:GetService("Players").LocalPlayer.Character.SprayPaint.Remote:FireServer(unpack(args)) 

wait(0.4)
 
 
local args = {
    [1] = 14878985905,
    [2] = Enum.NormalId.Left,
    [3] = 250,
    [4] = workspace:WaitForChild("Lobby"):WaitForChild("InvisWalls"):WaitForChild("InvisWall"),
    [5] = CFrame.new(-108.35073852539062, 141.37982177734375, -64.908931732177734, 0.9996573328971863, -0.004585431423038244, 0.025772124528884888, 1.1852729908667925e-10, 0.9845380783081055, 0.1751711070537567, -0.026176869869232178, -0.1751110851764679, 0.9842007160186768)
}

game:GetService("Players").LocalPlayer.Character.SprayPaint.Remote:FireServer(unpack(args)) 

wait(0.4)
 
local args = {
    [1] = 14878985905,
    [2] = Enum.NormalId.Left,
    [3] = 250,
    [4] = workspace:WaitForChild("Lobby"):WaitForChild("InvisWalls"):WaitForChild("InvisWall"),
    [5] = CFrame.new(-108.35073852539062, 141.37982177734375, -60.908931732177734, 0.9996573328971863, -0.004585431423038244, 0.025772124528884888, 1.1852729908667925e-10, 0.9845380783081055, 0.1751711070537567, -0.026176869869232178, -0.1751110851764679, 0.9842007160186768)
}

game:GetService("Players").LocalPlayer.Character.SprayPaint.Remote:FireServer(unpack(args)) 

wait(0.4)


local args = {
    [1] = 14878985905,
    [2] = Enum.NormalId.Left,
    [3] = 250,
    [4] = workspace:WaitForChild("Lobby"):WaitForChild("InvisWalls"):WaitForChild("InvisWall"),
    [5] = CFrame.new(-108.35073852539062, 141.37982177734375, -56.908931732177734, 0.9996573328971863, -0.004585431423038244, 0.025772124528884888, 1.1852729908667925e-10, 0.9845380783081055, 0.1751711070537567, -0.026176869869232178, -0.1751110851764679, 0.9842007160186768)
}

game:GetService("Players").LocalPlayer.Character.SprayPaint.Remote:FireServer(unpack(args)) 

wait(0.4)
 
local args = {
    [1] = 14878985905,
    [2] = Enum.NormalId.Left,
    [3] = 250,
    [4] = workspace:WaitForChild("Lobby"):WaitForChild("InvisWalls"):WaitForChild("InvisWall"),
    [5] = CFrame.new(-108.35073852539062, 141.37982177734375, -52.908931732177734, 0.9996573328971863, -0.004585431423038244, 0.025772124528884888, 1.1852729908667925e-10, 0.9845380783081055, 0.1751711070537567, -0.026176869869232178, -0.1751110851764679, 0.9842007160186768)
}

game:GetService("Players").LocalPlayer.Character.SprayPaint.Remote:FireServer(unpack(args)) 

wait(0.4)
 
local args = {
    [1] = 14878985905,
    [2] = Enum.NormalId.Left,
    [3] = 250,
    [4] = workspace:WaitForChild("Lobby"):WaitForChild("InvisWalls"):WaitForChild("InvisWall"),
    [5] = CFrame.new(-108.35073852539062, 141.37982177734375, -48.908931732177734, 0.9996573328971863, -0.004585431423038244, 0.025772124528884888, 1.1852729908667925e-10, 0.9845380783081055, 0.1751711070537567, -0.026176869869232178, -0.1751110851764679, 0.9842007160186768)
}

game:GetService("Players").LocalPlayer.Character.SprayPaint.Remote:FireServer(unpack(args)) 

wait(0.4)

local args = {
    [1] = 14878985905,
    [2] = Enum.NormalId.Left,
    [3] = 250,
    [4] = workspace:WaitForChild("Lobby"):WaitForChild("InvisWalls"):WaitForChild("InvisWall"),
    [5] = CFrame.new(-108.35073852539062, 141.37982177734375, -44.908931732177734, 0.9996573328971863, -0.004585431423038244, 0.025772124528884888, 1.1852729908667925e-10, 0.9845380783081055, 0.1751711070537567, -0.026176869869232178, -0.1751110851764679, 0.9842007160186768)
}

game:GetService("Players").LocalPlayer.Character.SprayPaint.Remote:FireServer(unpack(args)) 

wait(0.4)
  
local args = {
    [1] = 14878985905,
    [2] = Enum.NormalId.Left,
    [3] = 250,
    [4] = workspace:WaitForChild("Lobby"):WaitForChild("InvisWalls"):WaitForChild("InvisWall"),
    [5] = CFrame.new(-108.35073852539062, 141.37982177734375, -40.908931732177734, 0.9996573328971863, -0.004585431423038244, 0.025772124528884888, 1.1852729908667925e-10, 0.9845380783081055, 0.1751711070537567, -0.026176869869232178, -0.1751110851764679, 0.9842007160186768)
}

game:GetService("Players").LocalPlayer.Character.SprayPaint.Remote:FireServer(unpack(args)) 

wait(0.4)
 
local args = {
    [1] = 14878985905,
    [2] = Enum.NormalId.Left,
    [3] = 250,
    [4] = workspace:WaitForChild("Lobby"):WaitForChild("InvisWalls"):WaitForChild("InvisWall"),
    [5] = CFrame.new(-108.35073852539062, 141.37982177734375, -36.908931732177734, 0.9996573328971863, -0.004585431423038244, 0.025772124528884888, 1.1852729908667925e-10, 0.9845380783081055, 0.1751711070537567, -0.026176869869232178, -0.1751110851764679, 0.9842007160186768)
}

game:GetService("Players").LocalPlayer.Character.SprayPaint.Remote:FireServer(unpack(args)) 

wait(0.4)
 
local args = {
    [1] = 14878985905,
    [2] = Enum.NormalId.Left,
    [3] = 250,
	[4] = workspace:WaitForChild("Lobby"):WaitForChild("InvisWalls"):WaitForChild("InvisWall"),
    [5] = CFrame.new(-108.35073852539062, 141.37982177734375, -32.908931732177734, 0.9996573328971863, -0.004585431423038244, 0.025772124528884888, 1.1852729908667925e-10, 0.9845380783081055, 0.1751711070537567, -0.026176869869232178, -0.1751110851764679, 0.9842007160186768)
}

game:GetService("Players").LocalPlayer.Character.SprayPaint.Remote:FireServer(unpack(args)) 

wait(0.4)
 
local args = {
    [1] = 14878985905,
    [2] = Enum.NormalId.Left,
    [3] = 250,
    [4] = workspace:WaitForChild("Lobby"):WaitForChild("InvisWalls"):WaitForChild("InvisWall"),
    [5] = CFrame.new(-108.35073852539062, 141.37982177734375, -28.908931732177734, 0.9996573328971863, -0.004585431423038244, 0.025772124528884888, 1.1852729908667925e-10, 0.9845380783081055, 0.1751711070537567, -0.026176869869232178, -0.1751110851764679, 0.9842007160186768)
}

game:GetService("Players").LocalPlayer.Character.SprayPaint.Remote:FireServer(unpack(args)) 

wait(0.4)
 
local args = {
    [1] = 14878985905,
    [2] = Enum.NormalId.Left,
    [3] = 250,
    [4] = workspace:WaitForChild("Lobby"):WaitForChild("InvisWalls"):WaitForChild("InvisWall"),
    [5] = CFrame.new(-108.35073852539062, 141.37982177734375, -24.908931732177734, 0.9996573328971863, -0.004585431423038244, 0.025772124528884888, 1.1852729908667925e-10, 0.9845380783081055, 0.1751711070537567, -0.026176869869232178, -0.1751110851764679, 0.9842007160186768)
}

game:GetService("Players").LocalPlayer.Character.SprayPaint.Remote:FireServer(unpack(args)) 

wait(0.4)
 
local args = {
    [1] = 14878985905,
    [2] = Enum.NormalId.Left,
    [3] = 250,
    [4] = workspace:WaitForChild("Lobby"):WaitForChild("InvisWalls"):WaitForChild("InvisWall"),
    [5] = CFrame.new(-108.35073852539062, 141.37982177734375, -20.908931732177734, 0.9996573328971863, -0.004585431423038244, 0.025772124528884888, 1.1852729908667925e-10, 0.9845380783081055, 0.1751711070537567, -0.026176869869232178, -0.1751110851764679, 0.9842007160186768)
}

game:GetService("Players").LocalPlayer.Character.SprayPaint.Remote:FireServer(unpack(args)) 

wait(0.4)
 
local args = {
    [1] = 14878985905,
    [2] = Enum.NormalId.Left,
    [3] = 250,
    [4] = workspace:WaitForChild("Lobby"):WaitForChild("InvisWalls"):WaitForChild("InvisWall"),
    [5] = CFrame.new(-108.35073852539062, 141.37982177734375, -16.908931732177734, 0.9996573328971863, -0.004585431423038244, 0.025772124528884888, 1.1852729908667925e-10, 0.9845380783081055, 0.1751711070537567, -0.026176869869232178, -0.1751110851764679, 0.9842007160186768)
}

game:GetService("Players").LocalPlayer.Character.SprayPaint.Remote:FireServer(unpack(args)) 

wait(0.4)
 
local args = {
    [1] = 14878985905,
    [2] = Enum.NormalId.Left,
    [3] = 250,
    [4] = workspace:WaitForChild("Lobby"):WaitForChild("InvisWalls"):WaitForChild("InvisWall"),
    [5] = CFrame.new(-108.35073852539062, 141.37982177734375, -12.908931732177734, 0.9996573328971863, -0.004585431423038244, 0.025772124528884888, 1.1852729908667925e-10, 0.9845380783081055, 0.1751711070537567, -0.026176869869232178, -0.1751110851764679, 0.9842007160186768)
}

game:GetService("Players").LocalPlayer.Character.SprayPaint.Remote:FireServer(unpack(args)) 

wait(0.4)
 
local args = {
    [1] = 14878985905,
    [2] = Enum.NormalId.Left,
    [3] = 250,
    [4] = workspace:WaitForChild("Lobby"):WaitForChild("InvisWalls"):WaitForChild("InvisWall"),
    [5] = CFrame.new(-108.35073852539062, 141.37982177734375, -8.908931732177734, 0.9996573328971863, -0.004585431423038244, 0.025772124528884888, 1.1852729908667925e-10, 0.9845380783081055, 0.1751711070537567, -0.026176869869232178, -0.1751110851764679, 0.9842007160186768)
}

game:GetService("Players").LocalPlayer.Character.SprayPaint.Remote:FireServer(unpack(args)) 

wait(0.4)
 
local args = {
    [1] = 14878985905,
    [2] = Enum.NormalId.Left,
    [3] = 250,
    [4] = workspace:WaitForChild("Lobby"):WaitForChild("InvisWalls"):WaitForChild("InvisWall"),
    [5] = CFrame.new(-108.35073852539062, 141.37982177734375, -4.908931732177734, 0.9996573328971863, -0.004585431423038244, 0.025772124528884888, 1.1852729908667925e-10, 0.9845380783081055, 0.1751711070537567, -0.026176869869232178, -0.1751110851764679, 0.9842007160186768)
}

game:GetService("Players").LocalPlayer.Character.SprayPaint.Remote:FireServer(unpack(args)) 

wait(0.4)
 
local args = {
    [1] = 14878985905,
    [2] = Enum.NormalId.Left,
    [3] = 250,
    [4] = workspace:WaitForChild("Lobby"):WaitForChild("InvisWalls"):WaitForChild("InvisWall"),
    [5] = CFrame.new(-108.35073852539062, 141.37982177734375, 0.908931732177734, 0.9996573328971863, -0.004585431423038244, 0.025772124528884888, 1.1852729908667925e-10, 0.9845380783081055, 0.1751711070537567, -0.026176869869232178, -0.1751110851764679, 0.9842007160186768)
}

game:GetService("Players").LocalPlayer.Character.SprayPaint.Remote:FireServer(unpack(args)) 

wait(0.4)
 local args = {
    [1] = 14878985905,
    [2] = Enum.NormalId.Left,
    [3] = 250,
    [4] = workspace:WaitForChild("Lobby"):WaitForChild("InvisWalls"):WaitForChild("InvisWall"),
    [5] = CFrame.new(-108.35073852539062, 141.37982177734375, 4.908931732177734, 0.9996573328971863, -0.004585431423038244, 0.025772124528884888, 1.1852729908667925e-10, 0.9845380783081055, 0.1751711070537567, -0.026176869869232178, -0.1751110851764679, 0.9842007160186768)
}

game:GetService("Players").LocalPlayer.Character.SprayPaint.Remote:FireServer(unpack(args)) 

wait(0.4)

local args = {
    [1] = 14878985905,
    [2] = Enum.NormalId.Left,
    [3] = 250,
    [4] = workspace:WaitForChild("Lobby"):WaitForChild("InvisWalls"):WaitForChild("InvisWall"),
    [5] = CFrame.new(-108.35073852539062, 141.37982177734375, 8.908931732177734, 0.9996573328971863, -0.004585431423038244, 0.025772124528884888, 1.1852729908667925e-10, 0.9845380783081055, 0.1751711070537567, -0.026176869869232178, -0.1751110851764679, 0.9842007160186768)
}

game:GetService("Players").LocalPlayer.Character.SprayPaint.Remote:FireServer(unpack(args)) 

wait(0.4)

local args = {
    [1] = 14878985905,
    [2] = Enum.NormalId.Left,
    [3] = 250,
    [4] = workspace:WaitForChild("Lobby"):WaitForChild("InvisWalls"):WaitForChild("InvisWall"),
    [5] = CFrame.new(-108.35073852539062, 141.37982177734375, 12.908931732177734, 0.9996573328971863, -0.004585431423038244, 0.025772124528884888, 1.1852729908667925e-10, 0.9845380783081055, 0.1751711070537567, -0.026176869869232178, -0.1751110851764679, 0.9842007160186768)
}

game:GetService("Players").LocalPlayer.Character.SprayPaint.Remote:FireServer(unpack(args)) 

wait(0.4)

local args = {
    [1] = 14878985905,
    [2] = Enum.NormalId.Left,
    [3] = 250,
    [4] = workspace:WaitForChild("Lobby"):WaitForChild("InvisWalls"):WaitForChild("InvisWall"),
    [5] = CFrame.new(-108.35073852539062, 141.37982177734375, 16.908931732177734, 0.9996573328971863, -0.004585431423038244, 0.025772124528884888, 1.1852729908667925e-10, 0.9845380783081055, 0.1751711070537567, -0.026176869869232178, -0.1751110851764679, 0.9842007160186768)
}

game:GetService("Players").LocalPlayer.Character.SprayPaint.Remote:FireServer(unpack(args)) 

wait(0.4)

local args = {
    [1] = 14878985905,
    [2] = Enum.NormalId.Left,
    [3] = 250,
    [4] = workspace:WaitForChild("Lobby"):WaitForChild("InvisWalls"):WaitForChild("InvisWall"),
    [5] = CFrame.new(-108.35073852539062, 141.37982177734375, 20.908931732177734, 0.9996573328971863, -0.004585431423038244, 0.025772124528884888, 1.1852729908667925e-10, 0.9845380783081055, 0.1751711070537567, -0.026176869869232178, -0.1751110851764679, 0.9842007160186768)
}

game:GetService("Players").LocalPlayer.Character.SprayPaint.Remote:FireServer(unpack(args)) 

wait(0.4)

local args = {
    [1] = 14878985905,
    [2] = Enum.NormalId.Left,
    [3] = 250,
    [4] = workspace:WaitForChild("Lobby"):WaitForChild("InvisWalls"):WaitForChild("InvisWall"),
    [5] = CFrame.new(-108.35073852539062, 141.37982177734375, 24.908931732177734, 0.9996573328971863, -0.004585431423038244, 0.025772124528884888, 1.1852729908667925e-10, 0.9845380783081055, 0.1751711070537567, -0.026176869869232178, -0.1751110851764679, 0.9842007160186768)
}

game:GetService("Players").LocalPlayer.Character.SprayPaint.Remote:FireServer(unpack(args)) 

wait(0.4)

local args = {
    [1] = 14878985905,
    [2] = Enum.NormalId.Left,
    [3] = 250,
    [4] = workspace:WaitForChild("Lobby"):WaitForChild("InvisWalls"):WaitForChild("InvisWall"),
    [5] = CFrame.new(-108.35073852539062, 141.37982177734375, 28.908931732177734, 0.9996573328971863, -0.004585431423038244, 0.025772124528884888, 1.1852729908667925e-10, 0.9845380783081055, 0.1751711070537567, -0.026176869869232178, -0.1751110851764679, 0.9842007160186768)
}

game:GetService("Players").LocalPlayer.Character.SprayPaint.Remote:FireServer(unpack(args)) 

wait(0.4)

local args = {
    [1] = 14878985905,
    [2] = Enum.NormalId.Left,
    [3] = 250,
    [4] = workspace:WaitForChild("Lobby"):WaitForChild("InvisWalls"):WaitForChild("InvisWall"),
    [5] = CFrame.new(-108.35073852539062, 141.37982177734375, 32.908931732177734, 0.9996573328971863, -0.004585431423038244, 0.025772124528884888, 1.1852729908667925e-10, 0.9845380783081055, 0.1751711070537567, -0.026176869869232178, -0.1751110851764679, 0.9842007160186768)
}

game:GetService("Players").LocalPlayer.Character.SprayPaint.Remote:FireServer(unpack(args)) 

-- LEEEEEEEEEEFT
-- LEEEEEEEEEEFT
-- LEEEEEEEEEEFT
-- LEEEEEEEEEEFT
-- LEEEEEEEEEEFT
-- LEEEEEEEEEEFT
-- LEEEEEEEEEEFT
-- LEEEEEEEEEEFT
-- LEEEEEEEEEEFT

local args = {
    [1] = 14878985905,
    [2] = Enum.NormalId.Right,
    [3] = 250,
    [4] = workspace:WaitForChild("Lobby"):WaitForChild("InvisWalls"):WaitForChild("InvisWall"),
    [5] = CFrame.new(-108.35073852539062, 141.37982177734375, -130.908931732177734, 0.9996573328971863, -0.004585431423038244, 0.025772124528884888, 1.1852729908667925e-10, 0.9845380783081055, 0.1751711070537567, -0.026176869869232178, -0.1751110851764679, 0.9842007160186768)
}

game:GetService("Players").LocalPlayer.Character.SprayPaint.Remote:FireServer(unpack(args)) 

local args = {
    [1] = 14878985905,
    [2] = Enum.NormalId.Right,
    [3] = 250,
    [4] = workspace:WaitForChild("Lobby"):WaitForChild("InvisWalls"):WaitForChild("InvisWall"),
    [5] = CFrame.new(-108.35073852539062, 141.37982177734375, -127.908931732177734, 0.9996573328971863, -0.004585431423038244, 0.025772124528884888, 1.1852729908667925e-10, 0.9845380783081055, 0.1751711070537567, -0.026176869869232178, -0.1751110851764679, 0.9842007160186768)
}

game:GetService("Players").LocalPlayer.Character.SprayPaint.Remote:FireServer(unpack(args)) 

 
local args = {
    [1] = 14878985905,
    [2] = Enum.NormalId.Right,
    [3] = 250,
    [4] = workspace:WaitForChild("Lobby"):WaitForChild("InvisWalls"):WaitForChild("InvisWall"),
    [5] = CFrame.new(-108.35073852539062, 141.37982177734375, -124.908931732177734, 0.9996573328971863, -0.004585431423038244, 0.025772124528884888, 1.1852729908667925e-10, 0.9845380783081055, 0.1751711070537567, -0.026176869869232178, -0.1751110851764679, 0.9842007160186768)
}

game:GetService("Players").LocalPlayer.Character.SprayPaint.Remote:FireServer(unpack(args)) 




local args = {
    [1] = 14878985905,
    [2] = Enum.NormalId.Right,
    [3] = 250,
    [4] = workspace:WaitForChild("Lobby"):WaitForChild("InvisWalls"):WaitForChild("InvisWall"),
    [5] = CFrame.new(-108.35073852539062, 141.37982177734375, -120.908931732177734, 0.9996573328971863, -0.004585431423038244, 0.025772124528884888, 1.1852729908667925e-10, 0.9845380783081055, 0.1751711070537567, -0.026176869869232178, -0.1751110851764679, 0.9842007160186768)
}

game:GetService("Players").LocalPlayer.Character.SprayPaint.Remote:FireServer(unpack(args)) 


 
local args = {
    [1] = 14878985905,
    [2] = Enum.NormalId.Right,
    [3] = 250,
    [4] = workspace:WaitForChild("Lobby"):WaitForChild("InvisWalls"):WaitForChild("InvisWall"),
    [5] = CFrame.new(-108.35073852539062, 141.37982177734375, -116.908931732177734, 0.9996573328971863, -0.004585431423038244, 0.025772124528884888, 1.1852729908667925e-10, 0.9845380783081055, 0.1751711070537567, -0.026176869869232178, -0.1751110851764679, 0.9842007160186768)
}

game:GetService("Players").LocalPlayer.Character.SprayPaint.Remote:FireServer(unpack(args)) 




local args = {
    [1] = 14878985905,
    [2] = Enum.NormalId.Right,
    [3] = 250,
    [4] = workspace:WaitForChild("Lobby"):WaitForChild("InvisWalls"):WaitForChild("InvisWall"),
    [5] = CFrame.new(-108.35073852539062, 141.37982177734375, -112.908931732177734, 0.9996573328971863, -0.004585431423038244, 0.025772124528884888, 1.1852729908667925e-10, 0.9845380783081055, 0.1751711070537567, -0.026176869869232178, -0.1751110851764679, 0.9842007160186768)
}

game:GetService("Players").LocalPlayer.Character.SprayPaint.Remote:FireServer(unpack(args)) 




local args = {
    [1] = 14878985905,
    [2] = Enum.NormalId.Right,
    [3] = 250,
    [4] = workspace:WaitForChild("Lobby"):WaitForChild("InvisWalls"):WaitForChild("InvisWall"),
    [5] = CFrame.new(-108.35073852539062, 141.37982177734375, -108.908931732177734, 0.9996573328971863, -0.004585431423038244, 0.025772124528884888, 1.1852729908667925e-10, 0.9845380783081055, 0.1751711070537567, -0.026176869869232178, -0.1751110851764679, 0.9842007160186768)
}

game:GetService("Players").LocalPlayer.Character.SprayPaint.Remote:FireServer(unpack(args)) 


 
local args = {
    [1] = 14878985905,
    [2] = Enum.NormalId.Right,
    [3] = 250,
    [4] = workspace:WaitForChild("Lobby"):WaitForChild("InvisWalls"):WaitForChild("InvisWall"),
    [5] = CFrame.new(-108.35073852539062, 141.37982177734375, -100.908931732177734, 0.9996573328971863, -0.004585431423038244, 0.025772124528884888, 1.1852729908667925e-10, 0.9845380783081055, 0.1751711070537567, -0.026176869869232178, -0.1751110851764679, 0.9842007160186768)
}

game:GetService("Players").LocalPlayer.Character.SprayPaint.Remote:FireServer(unpack(args)) 


 
local args = {
    [1] = 14878985905,
    [2] = Enum.NormalId.Right,
    [3] = 250,
    [4] = workspace:WaitForChild("Lobby"):WaitForChild("InvisWalls"):WaitForChild("InvisWall"),
    [5] = CFrame.new(-108.35073852539062, 141.37982177734375, -96.908931732177734, 0.9996573328971863, -0.004585431423038244, 0.025772124528884888, 1.1852729908667925e-10, 0.9845380783081055, 0.1751711070537567, -0.026176869869232178, -0.1751110851764679, 0.9842007160186768)
}

game:GetService("Players").LocalPlayer.Character.SprayPaint.Remote:FireServer(unpack(args)) 


 
local args = {
    [1] = 14878985905,
    [2] = Enum.NormalId.Right,
    [3] = 250,
    [4] = workspace:WaitForChild("Lobby"):WaitForChild("InvisWalls"):WaitForChild("InvisWall"),
    [5] = CFrame.new(-108.35073852539062, 141.37982177734375, -92.908931732177734, 0.9996573328971863, -0.004585431423038244, 0.025772124528884888, 1.1852729908667925e-10, 0.9845380783081055, 0.1751711070537567, -0.026176869869232178, -0.1751110851764679, 0.9842007160186768)
}

game:GetService("Players").LocalPlayer.Character.SprayPaint.Remote:FireServer(unpack(args)) 


 
local args = {
    [1] = 14878985905,
    [2] = Enum.NormalId.Right,
    [3] = 250,
    [4] = workspace:WaitForChild("Lobby"):WaitForChild("InvisWalls"):WaitForChild("InvisWall"),
    [5] = CFrame.new(-108.35073852539062, 141.37982177734375, -88.908931732177734, 0.9996573328971863, -0.004585431423038244, 0.025772124528884888, 1.1852729908667925e-10, 0.9845380783081055, 0.1751711070537567, -0.026176869869232178, -0.1751110851764679, 0.9842007160186768)
}

game:GetService("Players").LocalPlayer.Character.SprayPaint.Remote:FireServer(unpack(args)) 


 
local args = {
    [1] = 14878985905,
    [2] = Enum.NormalId.Right,
    [3] = 250,
    [4] = workspace:WaitForChild("Lobby"):WaitForChild("InvisWalls"):WaitForChild("InvisWall"),
    [5] = CFrame.new(-108.35073852539062, 141.37982177734375, -84.908931732177734, 0.9996573328971863, -0.004585431423038244, 0.025772124528884888, 1.1852729908667925e-10, 0.9845380783081055, 0.1751711070537567, -0.026176869869232178, -0.1751110851764679, 0.9842007160186768)
}

game:GetService("Players").LocalPlayer.Character.SprayPaint.Remote:FireServer(unpack(args)) 




local args = {
    [1] = 14878985905,
    [2] = Enum.NormalId.Right,
    [3] = 250,
    [4] = workspace:WaitForChild("Lobby"):WaitForChild("InvisWalls"):WaitForChild("InvisWall"),
    [5] = CFrame.new(-108.35073852539062, 141.37982177734375, -80.908931732177734, 0.9996573328971863, -0.004585431423038244, 0.025772124528884888, 1.1852729908667925e-10, 0.9845380783081055, 0.1751711070537567, -0.026176869869232178, -0.1751110851764679, 0.9842007160186768)
}

game:GetService("Players").LocalPlayer.Character.SprayPaint.Remote:FireServer(unpack(args)) 


 
local args = {
    [1] = 14878985905,
    [2] = Enum.NormalId.Right,
    [3] = 250,
    [4] = workspace:WaitForChild("Lobby"):WaitForChild("InvisWalls"):WaitForChild("InvisWall"),
    [5] = CFrame.new(-108.35073852539062, 141.37982177734375, -76.908931732177734, 0.9996573328971863, -0.004585431423038244, 0.025772124528884888, 1.1852729908667925e-10, 0.9845380783081055, 0.1751711070537567, -0.026176869869232178, -0.1751110851764679, 0.9842007160186768)
}

game:GetService("Players").LocalPlayer.Character.SprayPaint.Remote:FireServer(unpack(args)) 




local args = {
    [1] = 14878985905,
    [2] = Enum.NormalId.Right,
    [3] = 250,
    [4] = workspace:WaitForChild("Lobby"):WaitForChild("InvisWalls"):WaitForChild("InvisWall"),
    [5] = CFrame.new(-108.35073852539062, 141.37982177734375, -72.908931732177734, 0.9996573328971863, -0.004585431423038244, 0.025772124528884888, 1.1852729908667925e-10, 0.9845380783081055, 0.1751711070537567, -0.026176869869232178, -0.1751110851764679, 0.9842007160186768)
}

game:GetService("Players").LocalPlayer.Character.SprayPaint.Remote:FireServer(unpack(args)) 




local args = {
    [1] = 14878985905,
    [2] = Enum.NormalId.Right,
    [3] = 250,
    [4] = workspace:WaitForChild("Lobby"):WaitForChild("InvisWalls"):WaitForChild("InvisWall"),
    [5] = CFrame.new(-108.35073852539062, 141.37982177734375, -68.908931732177734, 0.9996573328971863, -0.004585431423038244, 0.025772124528884888, 1.1852729908667925e-10, 0.9845380783081055, 0.1751711070537567, -0.026176869869232178, -0.1751110851764679, 0.9842007160186768)
}

game:GetService("Players").LocalPlayer.Character.SprayPaint.Remote:FireServer(unpack(args)) 


 
local args = {
    [1] = 14878985905,
    [2] = Enum.NormalId.Right,
    [3] = 250,
    [4] = workspace:WaitForChild("Lobby"):WaitForChild("InvisWalls"):WaitForChild("InvisWall"),
    [5] = CFrame.new(-108.35073852539062, 141.37982177734375, -64.908931732177734, 0.9996573328971863, -0.004585431423038244, 0.025772124528884888, 1.1852729908667925e-10, 0.9845380783081055, 0.1751711070537567, -0.026176869869232178, -0.1751110851764679, 0.9842007160186768)
}

game:GetService("Players").LocalPlayer.Character.SprayPaint.Remote:FireServer(unpack(args)) 


 
local args = {
    [1] = 14878985905,
    [2] = Enum.NormalId.Right,
    [3] = 250,
    [4] = workspace:WaitForChild("Lobby"):WaitForChild("InvisWalls"):WaitForChild("InvisWall"),
    [5] = CFrame.new(-108.35073852539062, 141.37982177734375, -60.908931732177734, 0.9996573328971863, -0.004585431423038244, 0.025772124528884888, 1.1852729908667925e-10, 0.9845380783081055, 0.1751711070537567, -0.026176869869232178, -0.1751110851764679, 0.9842007160186768)
}

game:GetService("Players").LocalPlayer.Character.SprayPaint.Remote:FireServer(unpack(args)) 




local args = {
    [1] = 14878985905,
    [2] = Enum.NormalId.Right,
    [3] = 250,
    [4] = workspace:WaitForChild("Lobby"):WaitForChild("InvisWalls"):WaitForChild("InvisWall"),
    [5] = CFrame.new(-108.35073852539062, 141.37982177734375, -56.908931732177734, 0.9996573328971863, -0.004585431423038244, 0.025772124528884888, 1.1852729908667925e-10, 0.9845380783081055, 0.1751711070537567, -0.026176869869232178, -0.1751110851764679, 0.9842007160186768)
}

game:GetService("Players").LocalPlayer.Character.SprayPaint.Remote:FireServer(unpack(args)) 


 
local args = {
    [1] = 14878985905,
    [2] = Enum.NormalId.Right,
    [3] = 250,
    [4] = workspace:WaitForChild("Lobby"):WaitForChild("InvisWalls"):WaitForChild("InvisWall"),
    [5] = CFrame.new(-108.35073852539062, 141.37982177734375, -52.908931732177734, 0.9996573328971863, -0.004585431423038244, 0.025772124528884888, 1.1852729908667925e-10, 0.9845380783081055, 0.1751711070537567, -0.026176869869232178, -0.1751110851764679, 0.9842007160186768)
}

game:GetService("Players").LocalPlayer.Character.SprayPaint.Remote:FireServer(unpack(args)) 


 
local args = {
    [1] = 14878985905,
    [2] = Enum.NormalId.Right,
    [3] = 250,
    [4] = workspace:WaitForChild("Lobby"):WaitForChild("InvisWalls"):WaitForChild("InvisWall"),
    [5] = CFrame.new(-108.35073852539062, 141.37982177734375, -48.908931732177734, 0.9996573328971863, -0.004585431423038244, 0.025772124528884888, 1.1852729908667925e-10, 0.9845380783081055, 0.1751711070537567, -0.026176869869232178, -0.1751110851764679, 0.9842007160186768)
}

game:GetService("Players").LocalPlayer.Character.SprayPaint.Remote:FireServer(unpack(args)) 



local args = {
    [1] = 14878985905,
    [2] = Enum.NormalId.Right,
    [3] = 250,
    [4] = workspace:WaitForChild("Lobby"):WaitForChild("InvisWalls"):WaitForChild("InvisWall"),
    [5] = CFrame.new(-108.35073852539062, 141.37982177734375, -44.908931732177734, 0.9996573328971863, -0.004585431423038244, 0.025772124528884888, 1.1852729908667925e-10, 0.9845380783081055, 0.1751711070537567, -0.026176869869232178, -0.1751110851764679, 0.9842007160186768)
}

game:GetService("Players").LocalPlayer.Character.SprayPaint.Remote:FireServer(unpack(args)) 


  
local args = {
    [1] = 14878985905,
    [2] = Enum.NormalId.Right,
    [3] = 250,
    [4] = workspace:WaitForChild("Lobby"):WaitForChild("InvisWalls"):WaitForChild("InvisWall"),
    [5] = CFrame.new(-108.35073852539062, 141.37982177734375, -40.908931732177734, 0.9996573328971863, -0.004585431423038244, 0.025772124528884888, 1.1852729908667925e-10, 0.9845380783081055, 0.1751711070537567, -0.026176869869232178, -0.1751110851764679, 0.9842007160186768)
}

game:GetService("Players").LocalPlayer.Character.SprayPaint.Remote:FireServer(unpack(args)) 


 
local args = {
    [1] = 14878985905,
    [2] = Enum.NormalId.Right,
    [3] = 250,
    [4] = workspace:WaitForChild("Lobby"):WaitForChild("InvisWalls"):WaitForChild("InvisWall"),
    [5] = CFrame.new(-108.35073852539062, 141.37982177734375, -36.908931732177734, 0.9996573328971863, -0.004585431423038244, 0.025772124528884888, 1.1852729908667925e-10, 0.9845380783081055, 0.1751711070537567, -0.026176869869232178, -0.1751110851764679, 0.9842007160186768)
}

game:GetService("Players").LocalPlayer.Character.SprayPaint.Remote:FireServer(unpack(args)) 


 
local args = {
    [1] = 14878985905,
    [2] = Enum.NormalId.Right,
    [3] = 250,
    [4] = workspace:WaitForChild("Lobby"):WaitForChild("InvisWalls"):WaitForChild("InvisWall"),
    [5] = CFrame.new(-108.35073852539062, 141.37982177734375, -32.908931732177734, 0.9996573328971863, -0.004585431423038244, 0.025772124528884888, 1.1852729908667925e-10, 0.9845380783081055, 0.1751711070537567, -0.026176869869232178, -0.1751110851764679, 0.9842007160186768)
}

game:GetService("Players").LocalPlayer.Character.SprayPaint.Remote:FireServer(unpack(args)) 


 
local args = {
    [1] = 14878985905,
    [2] = Enum.NormalId.Right,
    [3] = 250,
    [4] = workspace:WaitForChild("Lobby"):WaitForChild("InvisWalls"):WaitForChild("InvisWall"),
    [5] = CFrame.new(-108.35073852539062, 141.37982177734375, -28.908931732177734, 0.9996573328971863, -0.004585431423038244, 0.025772124528884888, 1.1852729908667925e-10, 0.9845380783081055, 0.1751711070537567, -0.026176869869232178, -0.1751110851764679, 0.9842007160186768)
}

game:GetService("Players").LocalPlayer.Character.SprayPaint.Remote:FireServer(unpack(args)) 


 
local args = {
    [1] = 14878985905,
    [2] = Enum.NormalId.Right,
    [3] = 250,
    [4] = workspace:WaitForChild("Lobby"):WaitForChild("InvisWalls"):WaitForChild("InvisWall"),
    [5] = CFrame.new(-108.35073852539062, 141.37982177734375, -24.908931732177734, 0.9996573328971863, -0.004585431423038244, 0.025772124528884888, 1.1852729908667925e-10, 0.9845380783081055, 0.1751711070537567, -0.026176869869232178, -0.1751110851764679, 0.9842007160186768)
}

game:GetService("Players").LocalPlayer.Character.SprayPaint.Remote:FireServer(unpack(args)) 


 
local args = {
    [1] = 14878985905,
    [2] = Enum.NormalId.Right,
    [3] = 250,
    [4] = workspace:WaitForChild("Lobby"):WaitForChild("InvisWalls"):WaitForChild("InvisWall"),
    [5] = CFrame.new(-108.35073852539062, 141.37982177734375, -20.908931732177734, 0.9996573328971863, -0.004585431423038244, 0.025772124528884888, 1.1852729908667925e-10, 0.9845380783081055, 0.1751711070537567, -0.026176869869232178, -0.1751110851764679, 0.9842007160186768)
}

game:GetService("Players").LocalPlayer.Character.SprayPaint.Remote:FireServer(unpack(args)) 


 
local args = {
    [1] = 14878985905,
    [2] = Enum.NormalId.Right,
    [3] = 250,
    [4] = workspace:WaitForChild("Lobby"):WaitForChild("InvisWalls"):WaitForChild("InvisWall"),
    [5] = CFrame.new(-108.35073852539062, 141.37982177734375, -16.908931732177734, 0.9996573328971863, -0.004585431423038244, 0.025772124528884888, 1.1852729908667925e-10, 0.9845380783081055, 0.1751711070537567, -0.026176869869232178, -0.1751110851764679, 0.9842007160186768)
}

game:GetService("Players").LocalPlayer.Character.SprayPaint.Remote:FireServer(unpack(args)) 


 
local args = {
    [1] = 14878985905,
    [2] = Enum.NormalId.Right,
    [3] = 250,
    [4] = workspace:WaitForChild("Lobby"):WaitForChild("InvisWalls"):WaitForChild("InvisWall"),
    [5] = CFrame.new(-108.35073852539062, 141.37982177734375, -12.908931732177734, 0.9996573328971863, -0.004585431423038244, 0.025772124528884888, 1.1852729908667925e-10, 0.9845380783081055, 0.1751711070537567, -0.026176869869232178, -0.1751110851764679, 0.9842007160186768)
}

game:GetService("Players").LocalPlayer.Character.SprayPaint.Remote:FireServer(unpack(args)) 


 
local args = {
    [1] = 14878985905,
    [2] = Enum.NormalId.Right,
    [3] = 250,
