local args = {
    [1] = 14882200615,
    [2] = Enum.NormalId.Top,
    [3] = 135,
    [4] = workspace:WaitForChild("Lobby"):WaitForChild("InvisWalls"):WaitForChild("InvisWall"),
    [5] = CFrame.new(-108.33391571044922, 135.3499298095703, 32.02690887451172, 0.5261298418045044, 0.7926362156867981, -0.3080832362174988, 2.140589039356655e-09, 0.362278550863266, 0.9320698976516724, 0.8504042625427246, -0.49038979411125183, 0.19060556590557098)
}

game:GetService("Players").LocalPlayer.Character.SprayPaint.Remote:FireServer(unpack(args)) 

local args = {
    [1] = 14882200615,
    [2] = Enum.NormalId.Bottom,
    [3] = 135,
    [4] = workspace:WaitForChild("Lobby"):WaitForChild("InvisWalls"):WaitForChild("InvisWall"),
    [5] = CFrame.new(-108.33391571044922, 135.3499298095703, 32.02690887451172, 0.5261298418045044, 0.7926362156867981, -0.3080832362174988, 2.140589039356655e-09, 0.362278550863266, 0.9320698976516724, 0.8504042625427246, -0.49038979411125183, 0.19060556590557098)
}

game:GetService("Players").LocalPlayer.Character.SprayPaint.Remote:FireServer(unpack(args)) 

wait(0.5)

local args = {
    [1] = 14882200615,
    [2] = Enum.NormalId.Top,
    [3] = 135,
    [4] = workspace:WaitForChild("Lobby"):WaitForChild("InvisWalls"):WaitForChild("InvisWall"),
    [5] = CFrame.new(-108.33391571044922, 136.3499298095703, 32.02690887451172, 0.5261298418045044, 0.7926362156867981, -0.3080832362174988, 2.140589039356655e-09, 0.362278550863266, 0.9320698976516724, 0.8504042625427246, -0.49038979411125183, 0.19060556590557098)
}

game:GetService("Players").LocalPlayer.Character.SprayPaint.Remote:FireServer(unpack(args)) 

local args = {
    [1] = 14882200615,
    [2] = Enum.NormalId.Bottom,
    [3] = 135,
    [4] = workspace:WaitForChild("Lobby"):WaitForChild("InvisWalls"):WaitForChild("InvisWall"),
    [5] = CFrame.new(-108.33391571044922, 136.3499298095703, 32.02690887451172, 0.5261298418045044, 0.7926362156867981, -0.3080832362174988, 2.140589039356655e-09, 0.362278550863266, 0.9320698976516724, 0.8504042625427246, -0.49038979411125183, 0.19060556590557098)
}

game:GetService("Players").LocalPlayer.Character.SprayPaint.Remote:FireServer(unpack(args)) 

wait(0.5)
 local args = {
    [1] = 14882200615,
    [2] = Enum.NormalId.Top,
    [3] = 135,
    [4] = workspace:WaitForChild("Lobby"):WaitForChild("InvisWalls"):WaitForChild("InvisWall"),
    [5] = CFrame.new(-108.33391571044922, 137.3499298095703, 32.02690887451172, 0.5261298418045044, 0.7926362156867981, -0.3080832362174988, 2.140589039356655e-09, 0.362278550863266, 0.9320698976516724, 0.8504042625427246, -0.49038979411125183, 0.19060556590557098)
}

game:GetService("Players").LocalPlayer.Character.SprayPaint.Remote:FireServer(unpack(args)) 

local args = {
    [1] = 14882200615,
    [2] = Enum.NormalId.Bottom,
    [3] = 135,
    [4] = workspace:WaitForChild("Lobby"):WaitForChild("InvisWalls"):WaitForChild("InvisWall"),
    [5] = CFrame.new(-108.33391571044922, 137.3499298095703, 32.02690887451172, 0.5261298418045044, 0.7926362156867981, -0.3080832362174988, 2.140589039356655e-09, 0.362278550863266, 0.9320698976516724, 0.8504042625427246, -0.49038979411125183, 0.19060556590557098)
}

game:GetService("Players").LocalPlayer.Character.SprayPaint.Remote:FireServer(unpack(args)) 

wait(0.5)
 local args = {
    [1] = 14882200615,
    [2] = Enum.NormalId.Top,
    [3] = 135,
    [4] = workspace:WaitForChild("Lobby"):WaitForChild("InvisWalls"):WaitForChild("InvisWall"),
    [5] = CFrame.new(-108.33391571044922, 138.3499298095703, 32.02690887451172, 0.5261298418045044, 0.7926362156867981, -0.3080832362174988, 2.140589039356655e-09, 0.362278550863266, 0.9320698976516724, 0.8504042625427246, -0.49038979411125183, 0.19060556590557098)
}

game:GetService("Players").LocalPlayer.Character.SprayPaint.Remote:FireServer(unpack(args)) 

local args = {
    [1] = 14882200615,
    [2] = Enum.NormalId.Bottom,
    [3] = 135,
    [4] = workspace:WaitForChild("Lobby"):WaitForChild("InvisWalls"):WaitForChild("InvisWall"),
    [5] = CFrame.new(-108.33391571044922, 138.3499298095703, 32.02690887451172, 0.5261298418045044, 0.7926362156867981, -0.3080832362174988, 2.140589039356655e-09, 0.362278550863266, 0.9320698976516724, 0.8504042625427246, -0.49038979411125183, 0.19060556590557098)
}

game:GetService("Players").LocalPlayer.Character.SprayPaint.Remote:FireServer(unpack(args)) 

wait(0.5)

 local args = {
    [1] = 14882200615,
    [2] = Enum.NormalId.Top,
    [3] = 135,
    [4] = workspace:WaitForChild("Lobby"):WaitForChild("InvisWalls"):WaitForChild("InvisWall"),
    [5] = CFrame.new(-108.33391571044922, 139.3499298095703, 32.02690887451172, 0.5261298418045044, 0.7926362156867981, -0.3080832362174988, 2.140589039356655e-09, 0.362278550863266, 0.9320698976516724, 0.8504042625427246, -0.49038979411125183, 0.19060556590557098)
}

game:GetService("Players").LocalPlayer.Character.SprayPaint.Remote:FireServer(unpack(args)) 

local args = {
    [1] = 14882200615,
    [2] = Enum.NormalId.Bottom,
    [3] = 135,
    [4] = workspace:WaitForChild("Lobby"):WaitForChild("InvisWalls"):WaitForChild("InvisWall"),
    [5] = CFrame.new(-108.33391571044922, 139.3499298095703, 32.02690887451172, 0.5261298418045044, 0.7926362156867981, -0.3080832362174988, 2.140589039356655e-09, 0.362278550863266, 0.9320698976516724, 0.8504042625427246, -0.49038979411125183, 0.19060556590557098)
}

game:GetService("Players").LocalPlayer.Character.SprayPaint.Remote:FireServer(unpack(args)) 

wait(0.5)
 local args = {
    [1] = 14882200615,
    [2] = Enum.NormalId.Top,
    [3] = 135,
    [4] = workspace:WaitForChild("Lobby"):WaitForChild("InvisWalls"):WaitForChild("InvisWall"),
    [5] = CFrame.new(-108.33391571044922, 140.3499298095703, 32.02690887451172, 0.5261298418045044, 0.7926362156867981, -0.3080832362174988, 2.140589039356655e-09, 0.362278550863266, 0.9320698976516724, 0.8504042625427246, -0.49038979411125183, 0.19060556590557098)
}

game:GetService("Players").LocalPlayer.Character.SprayPaint.Remote:FireServer(unpack(args)) 

local args = {
    [1] = 14882200615,
    [2] = Enum.NormalId.Bottom,
    [3] = 135,
    [4] = workspace:WaitForChild("Lobby"):WaitForChild("InvisWalls"):WaitForChild("InvisWall"),
    [5] = CFrame.new(-108.33391571044922, 140.3499298095703, 32.02690887451172, 0.5261298418045044, 0.7926362156867981, -0.3080832362174988, 2.140589039356655e-09, 0.362278550863266, 0.9320698976516724, 0.8504042625427246, -0.49038979411125183, 0.19060556590557098)
}

game:GetService("Players").LocalPlayer.Character.SprayPaint.Remote:FireServer(unpack(args)) 

wait(0.5)
 local args = {
    [1] = 14882200615,
    [2] = Enum.NormalId.Top,
    [3] = 135,
    [4] = workspace:WaitForChild("Lobby"):WaitForChild("InvisWalls"):WaitForChild("InvisWall"),
    [5] = CFrame.new(-108.33391571044922, 141.3499298095703, 32.02690887451172, 0.5261298418045044, 0.7926362156867981, -0.3080832362174988, 2.140589039356655e-09, 0.362278550863266, 0.9320698976516724, 0.8504042625427246, -0.49038979411125183, 0.19060556590557098)
}

game:GetService("Players").LocalPlayer.Character.SprayPaint.Remote:FireServer(unpack(args)) 

local args = {
    [1] = 14882200615,
    [2] = Enum.NormalId.Bottom,
    [3] = 135,
    [4] = workspace:WaitForChild("Lobby"):WaitForChild("InvisWalls"):WaitForChild("InvisWall"),
    [5] = CFrame.new(-108.33391571044922, 141.3499298095703, 32.02690887451172, 0.5261298418045044, 0.7926362156867981, -0.3080832362174988, 2.140589039356655e-09, 0.362278550863266, 0.9320698976516724, 0.8504042625427246, -0.49038979411125183, 0.19060556590557098)
}

game:GetService("Players").LocalPlayer.Character.SprayPaint.Remote:FireServer(unpack(args)) 

wait(0.5)
 local args = {
    [1] = 14882200615,
    [2] = Enum.NormalId.Top,
    [3] = 135,
    [4] = workspace:WaitForChild("Lobby"):WaitForChild("InvisWalls"):WaitForChild("InvisWall"),
    [5] = CFrame.new(-108.33391571044922, 142.3499298095703, 32.02690887451172, 0.5261298418045044, 0.7926362156867981, -0.3080832362174988, 2.140589039356655e-09, 0.362278550863266, 0.9320698976516724, 0.8504042625427246, -0.49038979411125183, 0.19060556590557098)
}

game:GetService("Players").LocalPlayer.Character.SprayPaint.Remote:FireServer(unpack(args)) 

local args = {
    [1] = 14882200615,
    [2] = Enum.NormalId.Bottom,
    [3] = 135,
    [4] = workspace:WaitForChild("Lobby"):WaitForChild("InvisWalls"):WaitForChild("InvisWall"),
    [5] = CFrame.new(-108.33391571044922, 142.3499298095703, 32.02690887451172, 0.5261298418045044, 0.7926362156867981, -0.3080832362174988, 2.140589039356655e-09, 0.362278550863266, 0.9320698976516724, 0.8504042625427246, -0.49038979411125183, 0.19060556590557098)
}

game:GetService("Players").LocalPlayer.Character.SprayPaint.Remote:FireServer(unpack(args)) 

wait(0.5)
 local args = {
    [1] = 14882200615,
    [2] = Enum.NormalId.Top,
    [3] = 135,
    [4] = workspace:WaitForChild("Lobby"):WaitForChild("InvisWalls"):WaitForChild("InvisWall"),
    [5] = CFrame.new(-108.33391571044922, 143.3499298095703, 32.02690887451172, 0.5261298418045044, 0.7926362156867981, -0.3080832362174988, 2.140589039356655e-09, 0.362278550863266, 0.9320698976516724, 0.8504042625427246, -0.49038979411125183, 0.19060556590557098)
}

game:GetService("Players").LocalPlayer.Character.SprayPaint.Remote:FireServer(unpack(args)) 

local args = {
    [1] = 14882200615,
    [2] = Enum.NormalId.Bottom,
    [3] = 135,
    [4] = workspace:WaitForChild("Lobby"):WaitForChild("InvisWalls"):WaitForChild("InvisWall"),
    [5] = CFrame.new(-108.33391571044922, 143.3499298095703, 32.02690887451172, 0.5261298418045044, 0.7926362156867981, -0.3080832362174988, 2.140589039356655e-09, 0.362278550863266, 0.9320698976516724, 0.8504042625427246, -0.49038979411125183, 0.19060556590557098)
}

game:GetService("Players").LocalPlayer.Character.SprayPaint.Remote:FireServer(unpack(args)) 

wait(0.5)
 local args = {
    [1] = 14882200615,
    [2] = Enum.NormalId.Top,
    [3] = 135,
    [4] = workspace:WaitForChild("Lobby"):WaitForChild("InvisWalls"):WaitForChild("InvisWall"),
    [5] = CFrame.new(-108.33391571044922, 144.3499298095703, 32.02690887451172, 0.5261298418045044, 0.7926362156867981, -0.3080832362174988, 2.140589039356655e-09, 0.362278550863266, 0.9320698976516724, 0.8504042625427246, -0.49038979411125183, 0.19060556590557098)
}

game:GetService("Players").LocalPlayer.Character.SprayPaint.Remote:FireServer(unpack(args)) 

local args = {
    [1] = 14882200615,
    [2] = Enum.NormalId.Bottom,
    [3] = 135,
    [4] = workspace:WaitForChild("Lobby"):WaitForChild("InvisWalls"):WaitForChild("InvisWall"),
    [5] = CFrame.new(-108.33391571044922, 144.3499298095703, 32.02690887451172, 0.5261298418045044, 0.7926362156867981, -0.3080832362174988, 2.140589039356655e-09, 0.362278550863266, 0.9320698976516724, 0.8504042625427246, -0.49038979411125183, 0.19060556590557098)
}

game:GetService("Players").LocalPlayer.Character.SprayPaint.Remote:FireServer(unpack(args)) 

wait(0.5)
 local args = {
    [1] = 14882200615,
    [2] = Enum.NormalId.Top,
    [3] = 135,
    [4] = workspace:WaitForChild("Lobby"):WaitForChild("InvisWalls"):WaitForChild("InvisWall"),
    [5] = CFrame.new(-108.33391571044922, 145.3499298095703, 32.02690887451172, 0.5261298418045044, 0.7926362156867981, -0.3080832362174988, 2.140589039356655e-09, 0.362278550863266, 0.9320698976516724, 0.8504042625427246, -0.49038979411125183, 0.19060556590557098)
}

game:GetService("Players").LocalPlayer.Character.SprayPaint.Remote:FireServer(unpack(args)) 

local args = {
    [1] = 14882200615,
    [2] = Enum.NormalId.Bottom,
    [3] = 135,
    [4] = workspace:WaitForChild("Lobby"):WaitForChild("InvisWalls"):WaitForChild("InvisWall"),
    [5] = CFrame.new(-108.33391571044922, 145.3499298095703, 32.02690887451172, 0.5261298418045044, 0.7926362156867981, -0.3080832362174988, 2.140589039356655e-09, 0.362278550863266, 0.9320698976516724, 0.8504042625427246, -0.49038979411125183, 0.19060556590557098)
}

game:GetService("Players").LocalPlayer.Character.SprayPaint.Remote:FireServer(unpack(args)) 

wait(0.5)
local args = {
    [1] = 14882200615,
    [2] = Enum.NormalId.Top,
    [3] = 135,
    [4] = workspace:WaitForChild("Lobby"):WaitForChild("InvisWalls"):WaitForChild("InvisWall"),
    [5] = CFrame.new(-108.33391571044922, 146.3499298095703, 32.02690887451172, 0.5261298418045044, 0.7926362156867981, -0.3080832362174988, 2.140589039356655e-09, 0.362278550863266, 0.9320698976516724, 0.8504042625427246, -0.49038979411125183, 0.19060556590557098)
}

game:GetService("Players").LocalPlayer.Character.SprayPaint.Remote:FireServer(unpack(args)) 

local args = {
    [1] = 14882200615,
    [2] = Enum.NormalId.Bottom,
    [3] = 135,
    [4] = workspace:WaitForChild("Lobby"):WaitForChild("InvisWalls"):WaitForChild("InvisWall"),
    [5] = CFrame.new(-108.33391571044922, 146.3499298095703, 32.02690887451172, 0.5261298418045044, 0.7926362156867981, -0.3080832362174988, 2.140589039356655e-09, 0.362278550863266, 0.9320698976516724, 0.8504042625427246, -0.49038979411125183, 0.19060556590557098)
}

game:GetService("Players").LocalPlayer.Character.SprayPaint.Remote:FireServer(unpack(args)) 

wait(0.5)

  local args = {
    [1] = 14882200615,
    [2] = Enum.NormalId.Top,
    [3] = 135,
    [4] = workspace:WaitForChild("Lobby"):WaitForChild("InvisWalls"):WaitForChild("InvisWall"),
    [5] = CFrame.new(-108.33391571044922, 147.3499298095703, 32.02690887451172, 0.5261298418045044, 0.7926362156867981, -0.3080832362174988, 2.140589039356655e-09, 0.362278550863266, 0.9320698976516724, 0.8504042625427246, -0.49038979411125183, 0.19060556590557098)
}

game:GetService("Players").LocalPlayer.Character.SprayPaint.Remote:FireServer(unpack(args)) 

local args = {
    [1] = 14882200615,
    [2] = Enum.NormalId.Bottom,
    [3] = 135,
    [4] = workspace:WaitForChild("Lobby"):WaitForChild("InvisWalls"):WaitForChild("InvisWall"),
    [5] = CFrame.new(-108.33391571044922, 147.3499298095703, 32.02690887451172, 0.5261298418045044, 0.7926362156867981, -0.3080832362174988, 2.140589039356655e-09, 0.362278550863266, 0.9320698976516724, 0.8504042625427246, -0.49038979411125183, 0.19060556590557098)
}

game:GetService("Players").LocalPlayer.Character.SprayPaint.Remote:FireServer(unpack(args)) 

wait(0.5)

 local args = {
    [1] = 14882200615,
    [2] = Enum.NormalId.Top,
    [3] = 135,
    [4] = workspace:WaitForChild("Lobby"):WaitForChild("InvisWalls"):WaitForChild("InvisWall"),
    [5] = CFrame.new(-108.33391571044922, 148.3499298095703, 32.02690887451172, 0.5261298418045044, 0.7926362156867981, -0.3080832362174988, 2.140589039356655e-09, 0.362278550863266, 0.9320698976516724, 0.8504042625427246, -0.49038979411125183, 0.19060556590557098)
}

game:GetService("Players").LocalPlayer.Character.SprayPaint.Remote:FireServer(unpack(args)) 

local args = {
    [1] = 14882200615,
    [2] = Enum.NormalId.Bottom,
    [3] = 135,
    [4] = workspace:WaitForChild("Lobby"):WaitForChild("InvisWalls"):WaitForChild("InvisWall"),
    [5] = CFrame.new(-108.33391571044922, 148.3499298095703, 32.02690887451172, 0.5261298418045044, 0.7926362156867981, -0.3080832362174988, 2.140589039356655e-09, 0.362278550863266, 0.9320698976516724, 0.8504042625427246, -0.49038979411125183, 0.19060556590557098)
}

game:GetService("Players").LocalPlayer.Character.SprayPaint.Remote:FireServer(unpack(args)) 

wait(0.5)
 local args = {
    [1] = 14882200615,
    [2] = Enum.NormalId.Top,
    [3] = 135,
    [4] = workspace:WaitForChild("Lobby"):WaitForChild("InvisWalls"):WaitForChild("InvisWall"),
    [5] = CFrame.new(-108.33391571044922, 149.3499298095703, 32.02690887451172, 0.5261298418045044, 0.7926362156867981, -0.3080832362174988, 2.140589039356655e-09, 0.362278550863266, 0.9320698976516724, 0.8504042625427246, -0.49038979411125183, 0.19060556590557098)
}

game:GetService("Players").LocalPlayer.Character.SprayPaint.Remote:FireServer(unpack(args)) 

local args = {
    [1] = 14882200615,
    [2] = Enum.NormalId.Bottom,
    [3] = 135,
    [4] = workspace:WaitForChild("Lobby"):WaitForChild("InvisWalls"):WaitForChild("InvisWall"),
    [5] = CFrame.new(-108.33391571044922, 149.3499298095703, 32.02690887451172, 0.5261298418045044, 0.7926362156867981, -0.3080832362174988, 2.140589039356655e-09, 0.362278550863266, 0.9320698976516724, 0.8504042625427246, -0.49038979411125183, 0.19060556590557098)
}

game:GetService("Players").LocalPlayer.Character.SprayPaint.Remote:FireServer(unpack(args)) 

wait(0.5)
 local args = {
    [1] = 14882200615,
    [2] = Enum.NormalId.Top,
    [3] = 135,
    [4] = workspace:WaitForChild("Lobby"):WaitForChild("InvisWalls"):WaitForChild("InvisWall"),
    [5] = CFrame.new(-108.33391571044922, 150.3499298095703, 32.02690887451172, 0.5261298418045044, 0.7926362156867981, -0.3080832362174988, 2.140589039356655e-09, 0.362278550863266, 0.9320698976516724, 0.8504042625427246, -0.49038979411125183, 0.19060556590557098)
}

game:GetService("Players").LocalPlayer.Character.SprayPaint.Remote:FireServer(unpack(args)) 

local args = {
    [1] = 14882200615,
    [2] = Enum.NormalId.Bottom,
    [3] = 135,
    [4] = workspace:WaitForChild("Lobby"):WaitForChild("InvisWalls"):WaitForChild("InvisWall"),
    [5] = CFrame.new(-108.33391571044922, 150.3499298095703, 32.02690887451172, 0.5261298418045044, 0.7926362156867981, -0.3080832362174988, 2.140589039356655e-09, 0.362278550863266, 0.9320698976516724, 0.8504042625427246, -0.49038979411125183, 0.19060556590557098)
}

game:GetService("Players").LocalPlayer.Character.SprayPaint.Remote:FireServer(unpack(args)) 

wait(0.5)
 
 
