local args = {
    [1] = 14878985905,
    [2] = Enum.NormalId.Left,
    [3] = 250,
    [4] = workspace:WaitForChild("Lobby"):WaitForChild("Lobby"):WaitForChild("FrontWall"):WaitForChild("Wall"):WaitForChild("Part"),
    [5] = game.Players.LocalPlayer.HumanoidRootPart.CFrame
}

game:GetService("Players").LocalPlayer.Character.SprayPaint.Remote:FireServer(unpack(args))

wait(0.1)

local args = {
    [1] = 14878985905,
    [2] = Enum.NormalId.Left,
    [3] = 250,
    [4] = workspace:WaitForChild("Lobby"):WaitForChild("InvisWalls"):WaitForChild("InvisWalls"),
    [5] = CFrame.new(-118.8722152709961, 131.192138671875, -127.54847717285156, 0.9999556541442871, 0.0008703116909600794, -0.009384164586663246, -5.820766785236131e-11, 0.995727002620697, 0.09234628081321716, 0.009424435906112194, -0.09234218299388885, 0.9956827163696289)
}

game:GetService("Players").LocalPlayer.Character.SprayPaint.Remote:FireServer(unpack(args))

wait(0.1)

local args = {
    [1] = 14878985905,
    [2] = Enum.NormalId.Left,
    [3] = 250,
    [4] = workspace:WaitForChild("Lobby"):WaitForChild("InvisWalls"):WaitForChild("InvisWalls"),
    [5] = CFrame.new(-118.8722152709961, 131.192138671875, -125.54847717285156, 0.9999556541442871, 0.0008703116909600794, -0.009384164586663246, -5.820766785236131e-11, 0.995727002620697, 0.09234628081321716, 0.009424435906112194, -0.09234218299388885, 0.9956827163696289)
}

game:GetService("Players").LocalPlayer.Character.SprayPaint.Remote:FireServer(unpack(args))

wait(0.1)

local args = {
    [1] = 14878985905,
    [2] = Enum.NormalId.Left,
    [3] = 250,
    [4] = workspace:WaitForChild("Lobby"):WaitForChild("InvisWalls"):WaitForChild("InvisWalls"),
    [5] = CFrame.new(-118.8722152709961, 131.192138671875, -122.54847717285156, 0.9999556541442871, 0.0008703116909600794, -0.009384164586663246, -5.820766785236131e-11, 0.995727002620697, 0.09234628081321716, 0.009424435906112194, -0.09234218299388885, 0.9956827163696289)
}

game:GetService("Players").LocalPlayer.Character.SprayPaint.Remote:FireServer(unpack(args))

wait(0.1)

local args = {
    [1] = 14878985905,
    [2] = Enum.NormalId.Left,
    [3] = 250,
    [4] = workspace:WaitForChild("Lobby"):WaitForChild("InvisWalls"):WaitForChild("InvisWalls"),
    [5] = CFrame.new(-118.8722152709961, 131.192138671875, -119.54847717285156, 0.9999556541442871, 0.0008703116909600794, -0.009384164586663246, -5.820766785236131e-11, 0.995727002620697, 0.09234628081321716, 0.009424435906112194, -0.09234218299388885, 0.9956827163696289)
}

game:GetService("Players").LocalPlayer.Character.SprayPaint.Remote:FireServer(unpack(args))

wait(0.1)

local args = {
    [1] = 14878985905,
    [2] = Enum.NormalId.Left,
    [3] = 250,
    [4] = workspace:WaitForChild("Lobby"):WaitForChild("InvisWalls"):WaitForChild("InvisWalls"),
    [5] = CFrame.new(-118.8722152709961, 131.192138671875, -115.54847717285156, 0.9999556541442871, 0.0008703116909600794, -0.009384164586663246, -5.820766785236131e-11, 0.995727002620697, 0.09234628081321716, 0.009424435906112194, -0.09234218299388885, 0.9956827163696289)
}

game:GetService("Players").LocalPlayer.Character.SprayPaint.Remote:FireServer(unpack(args))

wait(0.1)

local args = {
    [1] = 14878985905,
    [2] = Enum.NormalId.Left,
    [3] = 250,
    [4] = workspace:WaitForChild("Lobby"):WaitForChild("InvisWalls"):WaitForChild("InvisWalls"),
    [5] = CFrame.new(-118.8722152709961, 131.192138671875, -112.54847717285156, 0.9999556541442871, 0.0008703116909600794, -0.009384164586663246, -5.820766785236131e-11, 0.995727002620697, 0.09234628081321716, 0.009424435906112194, -0.09234218299388885, 0.9956827163696289)
}

game:GetService("Players").LocalPlayer.Character.SprayPaint.Remote:FireServer(unpack(args))

wait(0.1)

local args = {
    [1] = 14878985905,
    [2] = Enum.NormalId.Left,
    [3] = 250,
    [4] = workspace:WaitForChild("Lobby"):WaitForChild("InvisWalls"):WaitForChild("InvisWalls"),
    [5] = CFrame.new(-118.8722152709961, 131.192138671875, -109.54847717285156, 0.9999556541442871, 0.0008703116909600794, -0.009384164586663246, -5.820766785236131e-11, 0.995727002620697, 0.09234628081321716, 0.009424435906112194, -0.09234218299388885, 0.9956827163696289)
}

game:GetService("Players").LocalPlayer.Character.SprayPaint.Remote:FireServer(unpack(args))

wait(0.1)

local args = {
    [1] = 14878985905,
    [2] = Enum.NormalId.Left,
    [3] = 250,
    [4] = workspace:WaitForChild("Lobby"):WaitForChild("InvisWalls"):WaitForChild("InvisWalls"),
    [5] = CFrame.new(-118.8722152709961, 131.192138671875, -105.54847717285156, 0.9999556541442871, 0.0008703116909600794, -0.009384164586663246, -5.820766785236131e-11, 0.995727002620697, 0.09234628081321716, 0.009424435906112194, -0.09234218299388885, 0.9956827163696289)
}

game:GetService("Players").LocalPlayer.Character.SprayPaint.Remote:FireServer(unpack(args))

wait(0.1)

local args = {
    [1] = 14878985905,
    [2] = Enum.NormalId.Left,
    [3] = 250,
    [4] = workspace:WaitForChild("Lobby"):WaitForChild("InvisWalls"):WaitForChild("InvisWalls"),
    [5] = CFrame.new(-118.8722152709961, 131.192138671875, -102.54847717285156, 0.9999556541442871, 0.0008703116909600794, -0.009384164586663246, -5.820766785236131e-11, 0.995727002620697, 0.09234628081321716, 0.009424435906112194, -0.09234218299388885, 0.9956827163696289)
}

game:GetService("Players").LocalPlayer.Character.SprayPaint.Remote:FireServer(unpack(args))

wait(0.1)

local args = {
    [1] = 14878985905,
    [2] = Enum.NormalId.Left,
    [3] = 250,
    [4] = workspace:WaitForChild("Lobby"):WaitForChild("InvisWalls"):WaitForChild("InvisWalls"),
    [5] = CFrame.new(-118.8722152709961, 131.192138671875, -99.54847717285156, 0.9999556541442871, 0.0008703116909600794, -0.009384164586663246, -5.820766785236131e-11, 0.995727002620697, 0.09234628081321716, 0.009424435906112194, -0.09234218299388885, 0.9956827163696289)
}

game:GetService("Players").LocalPlayer.Character.SprayPaint.Remote:FireServer(unpack(args))

wait(0.1)

local args = {
    [1] = 14878985905,
    [2] = Enum.NormalId.Left,
    [3] = 250,
    [4] = workspace:WaitForChild("Lobby"):WaitForChild("InvisWalls"):WaitForChild("InvisWalls"),
    [5] = CFrame.new(-118.8722152709961, 131.192138671875, -95.54847717285156, 0.9999556541442871, 0.0008703116909600794, -0.009384164586663246, -5.820766785236131e-11, 0.995727002620697, 0.09234628081321716, 0.009424435906112194, -0.09234218299388885, 0.9956827163696289)
}

game:GetService("Players").LocalPlayer.Character.SprayPaint.Remote:FireServer(unpack(args))

wait(0.1)

local args = {
    [1] = 14878985905,
    [2] = Enum.NormalId.Left,
    [3] = 250,
    [4] = workspace:WaitForChild("Lobby"):WaitForChild("InvisWalls"):WaitForChild("InvisWalls"),
    [5] = CFrame.new(-118.8722152709961, 131.192138671875, -93.54847717285156, 0.9999556541442871, 0.0008703116909600794, -0.009384164586663246, -5.820766785236131e-11, 0.995727002620697, 0.09234628081321716, 0.009424435906112194, -0.09234218299388885, 0.9956827163696289)
}

game:GetService("Players").LocalPlayer.Character.SprayPaint.Remote:FireServer(unpack(args))

wait(0.1)

local args = {
    [1] = 14878985905,
    [2] = Enum.NormalId.Left,
    [3] = 250,
    [4] = workspace:WaitForChild("Lobby"):WaitForChild("InvisWalls"):WaitForChild("InvisWalls"),
    [5] = CFrame.new(-118.8722152709961, 131.192138671875, -90.54847717285156, 0.9999556541442871, 0.0008703116909600794, -0.009384164586663246, -5.820766785236131e-11, 0.995727002620697, 0.09234628081321716, 0.009424435906112194, -0.09234218299388885, 0.9956827163696289)
}

game:GetService("Players").LocalPlayer.Character.SprayPaint.Remote:FireServer(unpack(args))

wait(0.1)

local args = {
    [1] = 14878985905,
    [2] = Enum.NormalId.Left,
    [3] = 250,
    [4] = workspace:WaitForChild("Lobby"):WaitForChild("InvisWalls"):WaitForChild("InvisWalls"),
    [5] = CFrame.new(-118.8722152709961, 131.192138671875, -87.54847717285156, 0.9999556541442871, 0.0008703116909600794, -0.009384164586663246, -5.820766785236131e-11, 0.995727002620697, 0.09234628081321716, 0.009424435906112194, -0.09234218299388885, 0.9956827163696289)
}

game:GetService("Players").LocalPlayer.Character.SprayPaint.Remote:FireServer(unpack(args))

wait(0.1)

local args = {
    [1] = 14878985905,
    [2] = Enum.NormalId.Left,
    [3] = 250,
    [4] = workspace:WaitForChild("Lobby"):WaitForChild("InvisWalls"):WaitForChild("InvisWalls"),
    [5] = CFrame.new(-118.8722152709961, 131.192138671875, -85.54847717285156, 0.9999556541442871, 0.0008703116909600794, -0.009384164586663246, -5.820766785236131e-11, 0.995727002620697, 0.09234628081321716, 0.009424435906112194, -0.09234218299388885, 0.9956827163696289)
}

game:GetService("Players").LocalPlayer.Character.SprayPaint.Remote:FireServer(unpack(args))

wait(0.1)

local args = {
    [1] = 14878985905,
    [2] = Enum.NormalId.Left,
    [3] = 250,
    [4] = workspace:WaitForChild("Lobby"):WaitForChild("InvisWalls"):WaitForChild("InvisWalls"),
    [5] = CFrame.new(-118.8722152709961, 131.192138671875, -82.54847717285156, 0.9999556541442871, 0.0008703116909600794, -0.009384164586663246, -5.820766785236131e-11, 0.995727002620697, 0.09234628081321716, 0.009424435906112194, -0.09234218299388885, 0.9956827163696289)
}

game:GetService("Players").LocalPlayer.Character.SprayPaint.Remote:FireServer(unpack(args))

wait(0.1)

local args = {
    [1] = 14878985905,
    [2] = Enum.NormalId.Left,
    [3] = 250,
    [4] = workspace:WaitForChild("Lobby"):WaitForChild("InvisWalls"):WaitForChild("InvisWalls"),
    [5] = CFrame.new(-118.8722152709961, 131.192138671875, -78.54847717285156, 0.9999556541442871, 0.0008703116909600794, -0.009384164586663246, -5.820766785236131e-11, 0.995727002620697, 0.09234628081321716, 0.009424435906112194, -0.09234218299388885, 0.9956827163696289)
}

game:GetService("Players").LocalPlayer.Character.SprayPaint.Remote:FireServer(unpack(args))

wait(0.1)

local args = {
    [1] = 14878985905,
    [2] = Enum.NormalId.Left,
    [3] = 250,
    [4] = workspace:WaitForChild("Lobby"):WaitForChild("InvisWalls"):WaitForChild("InvisWalls"),
    [5] = CFrame.new(-118.8722152709961, 131.192138671875, -75.54847717285156, 0.9999556541442871, 0.0008703116909600794, -0.009384164586663246, -5.820766785236131e-11, 0.995727002620697, 0.09234628081321716, 0.009424435906112194, -0.09234218299388885, 0.9956827163696289)
}

game:GetService("Players").LocalPlayer.Character.SprayPaint.Remote:FireServer(unpack(args))

wait(0.1)

local args = {
    [1] = 14878985905,
    [2] = Enum.NormalId.Left,
    [3] = 250,
    [4] = workspace:WaitForChild("Lobby"):WaitForChild("InvisWalls"):WaitForChild("InvisWalls"),
    [5] = CFrame.new(-118.8722152709961, 131.192138671875, -72.54847717285156, 0.9999556541442871, 0.0008703116909600794, -0.009384164586663246, -5.820766785236131e-11, 0.995727002620697, 0.09234628081321716, 0.009424435906112194, -0.09234218299388885, 0.9956827163696289)
}

game:GetService("Players").LocalPlayer.Character.SprayPaint.Remote:FireServer(unpack(args))

wait(0.1)

local args = {
    [1] = 14878985905,
    [2] = Enum.NormalId.Left,
    [3] = 250,
    [4] = workspace:WaitForChild("Lobby"):WaitForChild("InvisWalls"):WaitForChild("InvisWalls"),
    [5] = CFrame.new(-118.8722152709961, 131.192138671875, -69.54847717285156, 0.9999556541442871, 0.0008703116909600794, -0.009384164586663246, -5.820766785236131e-11, 0.995727002620697, 0.09234628081321716, 0.009424435906112194, -0.09234218299388885, 0.9956827163696289)
}

game:GetService("Players").LocalPlayer.Character.SprayPaint.Remote:FireServer(unpack(args))

wait(0.1)

local args = {
    [1] = 14878985905,
    [2] = Enum.NormalId.Left,
    [3] = 250,
    [4] = workspace:WaitForChild("Lobby"):WaitForChild("InvisWalls"):WaitForChild("InvisWalls"),
    [5] = CFrame.new(-118.8722152709961, 131.192138671875, -65.54847717285156, 0.9999556541442871, 0.0008703116909600794, -0.009384164586663246, -5.820766785236131e-11, 0.995727002620697, 0.09234628081321716, 0.009424435906112194, -0.09234218299388885, 0.9956827163696289)
}

game:GetService("Players").LocalPlayer.Character.SprayPaint.Remote:FireServer(unpack(args))

wait(0.1)

local args = {
    [1] = 14878985905,
    [2] = Enum.NormalId.Left,
    [3] = 250,
    [4] = workspace:WaitForChild("Lobby"):WaitForChild("InvisWalls"):WaitForChild("InvisWalls"),
    [5] = CFrame.new(-118.8722152709961, 131.192138671875, -62.54847717285156, 0.9999556541442871, 0.0008703116909600794, -0.009384164586663246, -5.820766785236131e-11, 0.995727002620697, 0.09234628081321716, 0.009424435906112194, -0.09234218299388885, 0.9956827163696289)
}

game:GetService("Players").LocalPlayer.Character.SprayPaint.Remote:FireServer(unpack(args))

wait(0.1)

local args = {
    [1] = 14878985905,
    [2] = Enum.NormalId.Left,
    [3] = 250,
    [4] = workspace:WaitForChild("Lobby"):WaitForChild("InvisWalls"):WaitForChild("InvisWalls"),
    [5] = CFrame.new(-118.8722152709961, 131.192138671875, -58.54847717285156, 0.9999556541442871, 0.0008703116909600794, -0.009384164586663246, -5.820766785236131e-11, 0.995727002620697, 0.09234628081321716, 0.009424435906112194, -0.09234218299388885, 0.9956827163696289)
}

game:GetService("Players").LocalPlayer.Character.SprayPaint.Remote:FireServer(unpack(args))

wait(0.1)

local args = {
    [1] = 14878985905,
    [2] = Enum.NormalId.Left,
    [3] = 250,
    [4] = workspace:WaitForChild("Lobby"):WaitForChild("InvisWalls"):WaitForChild("InvisWalls"),
    [5] = CFrame.new(-118.8722152709961, 131.192138671875, -54.54847717285156, 0.9999556541442871, 0.0008703116909600794, -0.009384164586663246, -5.820766785236131e-11, 0.995727002620697, 0.09234628081321716, 0.009424435906112194, -0.09234218299388885, 0.9956827163696289)
}

game:GetService("Players").LocalPlayer.Character.SprayPaint.Remote:FireServer(unpack(args))

wait(0.1)

local args = {
    [1] = 14878985905,
    [2] = Enum.NormalId.Left,
    [3] = 250,
    [4] = workspace:WaitForChild("Lobby"):WaitForChild("InvisWalls"):WaitForChild("InvisWalls"),
    [5] = CFrame.new(-118.8722152709961, 131.192138671875, -49.54847717285156, 0.9999556541442871, 0.0008703116909600794, -0.009384164586663246, -5.820766785236131e-11, 0.995727002620697, 0.09234628081321716, 0.009424435906112194, -0.09234218299388885, 0.9956827163696289)
}

game:GetService("Players").LocalPlayer.Character.SprayPaint.Remote:FireServer(unpack(args))

wait(0.1)

local args = {
    [1] = 14878985905,
    [2] = Enum.NormalId.Left,
    [3] = 250,
    [4] = workspace:WaitForChild("Lobby"):WaitForChild("InvisWalls"):WaitForChild("InvisWalls"),
    [5] = CFrame.new(-118.8722152709961, 131.192138671875, -45.54847717285156, 0.9999556541442871, 0.0008703116909600794, -0.009384164586663246, -5.820766785236131e-11, 0.995727002620697, 0.09234628081321716, 0.009424435906112194, -0.09234218299388885, 0.9956827163696289)
}

game:GetService("Players").LocalPlayer.Character.SprayPaint.Remote:FireServer(unpack(args))

wait(0.1)

local args = {
    [1] = 14878985905,
    [2] = Enum.NormalId.Left,
    [3] = 250,
    [4] = workspace:WaitForChild("Lobby"):WaitForChild("InvisWalls"):WaitForChild("InvisWalls"),
    [5] = CFrame.new(-118.8722152709961, 131.192138671875, -41.54847717285156, 0.9999556541442871, 0.0008703116909600794, -0.009384164586663246, -5.820766785236131e-11, 0.995727002620697, 0.09234628081321716, 0.009424435906112194, -0.09234218299388885, 0.9956827163696289)
}

game:GetService("Players").LocalPlayer.Character.SprayPaint.Remote:FireServer(unpack(args))

wait(0.1)

local args = {
    [1] = 14878985905,
    [2] = Enum.NormalId.Left,
    [3] = 250,
    [4] = workspace:WaitForChild("Lobby"):WaitForChild("InvisWalls"):WaitForChild("InvisWalls"),
    [5] = CFrame.new(-118.8722152709961, 131.192138671875, -38.54847717285156, 0.9999556541442871, 0.0008703116909600794, -0.009384164586663246, -5.820766785236131e-11, 0.995727002620697, 0.09234628081321716, 0.009424435906112194, -0.09234218299388885, 0.9956827163696289)
}

game:GetService("Players").LocalPlayer.Character.SprayPaint.Remote:FireServer(unpack(args))

wait(0.1)

local args = {
    [1] = 14878985905,
    [2] = Enum.NormalId.Left,
    [3] = 250,
    [4] = workspace:WaitForChild("Lobby"):WaitForChild("InvisWalls"):WaitForChild("InvisWalls"),
    [5] = CFrame.new(-118.8722152709961, 131.192138671875, -35.54847717285156, 0.9999556541442871, 0.0008703116909600794, -0.009384164586663246, -5.820766785236131e-11, 0.995727002620697, 0.09234628081321716, 0.009424435906112194, -0.09234218299388885, 0.9956827163696289)
}

game:GetService("Players").LocalPlayer.Character.SprayPaint.Remote:FireServer(unpack(args))

wait(0.1)

local args = {
    [1] = 14878985905,
    [2] = Enum.NormalId.Left,
    [3] = 250,
    [4] = workspace:WaitForChild("Lobby"):WaitForChild("InvisWalls"):WaitForChild("InvisWalls"),
    [5] = CFrame.new(-118.8722152709961, 131.192138671875, -32.54847717285156, 0.9999556541442871, 0.0008703116909600794, -0.009384164586663246, -5.820766785236131e-11, 0.995727002620697, 0.09234628081321716, 0.009424435906112194, -0.09234218299388885, 0.9956827163696289)
}

game:GetService("Players").LocalPlayer.Character.SprayPaint.Remote:FireServer(unpack(args))

wait(0.1)

local args = {
    [1] = 14878985905,
    [2] = Enum.NormalId.Left,
    [3] = 250,
    [4] = workspace:WaitForChild("Lobby"):WaitForChild("InvisWalls"):WaitForChild("InvisWalls"),
    [5] = CFrame.new(-118.8722152709961, 131.192138671875, -28.54847717285156, 0.9999556541442871, 0.0008703116909600794, -0.009384164586663246, -5.820766785236131e-11, 0.995727002620697, 0.09234628081321716, 0.009424435906112194, -0.09234218299388885, 0.9956827163696289)
}

game:GetService("Players").LocalPlayer.Character.SprayPaint.Remote:FireServer(unpack(args))

wait(0.1)

local args = {
    [1] = 14878985905,
    [2] = Enum.NormalId.Left,
    [3] = 250,
    [4] = workspace:WaitForChild("Lobby"):WaitForChild("InvisWalls"):WaitForChild("InvisWalls"),
    [5] = CFrame.new(-118.8722152709961, 131.192138671875, -24.54847717285156, 0.9999556541442871, 0.0008703116909600794, -0.009384164586663246, -5.820766785236131e-11, 0.995727002620697, 0.09234628081321716, 0.009424435906112194, -0.09234218299388885, 0.9956827163696289)
}

game:GetService("Players").LocalPlayer.Character.SprayPaint.Remote:FireServer(unpack(args))

wait(0.1)

local args = {
    [1] = 14878985905,
    [2] = Enum.NormalId.Left,
    [3] = 250,
    [4] = workspace:WaitForChild("Lobby"):WaitForChild("InvisWalls"):WaitForChild("InvisWalls"),
    [5] = CFrame.new(-118.8722152709961, 131.192138671875, -19.54847717285156, 0.9999556541442871, 0.0008703116909600794, -0.009384164586663246, -5.820766785236131e-11, 0.995727002620697, 0.09234628081321716, 0.009424435906112194, -0.09234218299388885, 0.9956827163696289)
}

game:GetService("Players").LocalPlayer.Character.SprayPaint.Remote:FireServer(unpack(args))

wait(0.1)

local args = {
    [1] = 14878985905,
    [2] = Enum.NormalId.Left,
    [3] = 250,
    [4] = workspace:WaitForChild("Lobby"):WaitForChild("InvisWalls"):WaitForChild("InvisWalls"),
    [5] = CFrame.new(-118.8722152709961, 131.192138671875, -15.54847717285156, 0.9999556541442871, 0.0008703116909600794, -0.009384164586663246, -5.820766785236131e-11, 0.995727002620697, 0.09234628081321716, 0.009424435906112194, -0.09234218299388885, 0.9956827163696289)
}

game:GetService("Players").LocalPlayer.Character.SprayPaint.Remote:FireServer(unpack(args))

wait(0.1)

local args = {
    [1] = 14878985905,
    [2] = Enum.NormalId.Left,
    [3] = 250,
    [4] = workspace:WaitForChild("Lobby"):WaitForChild("InvisWalls"):WaitForChild("InvisWalls"),
    [5] = CFrame.new(-118.8722152709961, 131.192138671875, -13.54847717285156, 0.9999556541442871, 0.0008703116909600794, -0.009384164586663246, -5.820766785236131e-11, 0.995727002620697, 0.09234628081321716, 0.009424435906112194, -0.09234218299388885, 0.9956827163696289)
}

game:GetService("Players").LocalPlayer.Character.SprayPaint.Remote:FireServer(unpack(args))

wait(0.1)

local args = {
    [1] = 14878985905,
    [2] = Enum.NormalId.Left,
    [3] = 250,
    [4] = workspace:WaitForChild("Lobby"):WaitForChild("InvisWalls"):WaitForChild("InvisWalls"),
    [5] = CFrame.new(-118.8722152709961, 131.192138671875, -9.54847717285156, 0.9999556541442871, 0.0008703116909600794, -0.009384164586663246, -5.820766785236131e-11, 0.995727002620697, 0.09234628081321716, 0.009424435906112194, -0.09234218299388885, 0.9956827163696289)
}

game:GetService("Players").LocalPlayer.Character.SprayPaint.Remote:FireServer(unpack(args))

wait(0.1)

local args = {
    [1] = 14878985905,
    [2] = Enum.NormalId.Left,
    [3] = 250,
    [4] = workspace:WaitForChild("Lobby"):WaitForChild("InvisWalls"):WaitForChild("InvisWalls"),
    [5] = CFrame.new(-118.8722152709961, 131.192138671875, -5.54847717285156, 0.9999556541442871, 0.0008703116909600794, -0.009384164586663246, -5.820766785236131e-11, 0.995727002620697, 0.09234628081321716, 0.009424435906112194, -0.09234218299388885, 0.9956827163696289)
}

game:GetService("Players").LocalPlayer.Character.SprayPaint.Remote:FireServer(unpack(args))

wait(0.1)

local args = {
    [1] = 14878985905,
    [2] = Enum.NormalId.Left,
    [3] = 250,
    [4] = workspace:WaitForChild("Lobby"):WaitForChild("InvisWalls"):WaitForChild("InvisWalls"),
    [5] = CFrame.new(-118.8722152709961, 131.192138671875, -1.54847717285156, 0.9999556541442871, 0.0008703116909600794, -0.009384164586663246, -5.820766785236131e-11, 0.995727002620697, 0.09234628081321716, 0.009424435906112194, -0.09234218299388885, 0.9956827163696289)
}

game:GetService("Players").LocalPlayer.Character.SprayPaint.Remote:FireServer(unpack(args))

wait(0.1)

local args = {
    [1] = 14878985905,
    [2] = Enum.NormalId.Left,
    [3] = 250,
    [4] = workspace:WaitForChild("Lobby"):WaitForChild("InvisWalls"):WaitForChild("InvisWalls"),
    [5] = CFrame.new(-118.8722152709961, 131.192138671875, 3.54847717285156, 0.9999556541442871, 0.0008703116909600794, -0.009384164586663246, -5.820766785236131e-11, 0.995727002620697, 0.09234628081321716, 0.009424435906112194, -0.09234218299388885, 0.9956827163696289)
}

game:GetService("Players").LocalPlayer.Character.SprayPaint.Remote:FireServer(unpack(args))

wait(0.1)

local args = {
    [1] = 14878985905,
    [2] = Enum.NormalId.Left,
    [3] = 250,
    [4] = workspace:WaitForChild("Lobby"):WaitForChild("InvisWalls"):WaitForChild("InvisWalls"),
    [5] = CFrame.new(-118.8722152709961, 131.192138671875, 7.54847717285156, 0.9999556541442871, 0.0008703116909600794, -0.009384164586663246, -5.820766785236131e-11, 0.995727002620697, 0.09234628081321716, 0.009424435906112194, -0.09234218299388885, 0.9956827163696289)
}

game:GetService("Players").LocalPlayer.Character.SprayPaint.Remote:FireServer(unpack(args))

wait(0.1)

local args = {
    [1] = 14878985905,
    [2] = Enum.NormalId.Left,
    [3] = 250,
    [4] = workspace:WaitForChild("Lobby"):WaitForChild("InvisWalls"):WaitForChild("InvisWalls"),
    [5] = CFrame.new(-118.8722152709961, 131.192138671875, 11.54847717285156, 0.9999556541442871, 0.0008703116909600794, -0.009384164586663246, -5.820766785236131e-11, 0.995727002620697, 0.09234628081321716, 0.009424435906112194, -0.09234218299388885, 0.9956827163696289)
}

game:GetService("Players").LocalPlayer.Character.SprayPaint.Remote:FireServer(unpack(args))

wait(0.1)

local args = {
    [1] = 14878985905,
    [2] = Enum.NormalId.Left,
    [3] = 250,
    [4] = workspace:WaitForChild("Lobby"):WaitForChild("InvisWalls"):WaitForChild("InvisWalls"),
    [5] = CFrame.new(-118.8722152709961, 131.192138671875, 15.54847717285156, 0.9999556541442871, 0.0008703116909600794, -0.009384164586663246, -5.820766785236131e-11, 0.995727002620697, 0.09234628081321716, 0.009424435906112194, -0.09234218299388885, 0.9956827163696289)
}

game:GetService("Players").LocalPlayer.Character.SprayPaint.Remote:FireServer(unpack(args))

wait(0.1)

local args = {
    [1] = 14878985905,
    [2] = Enum.NormalId.Left,
    [3] = 250,
    [4] = workspace:WaitForChild("Lobby"):WaitForChild("InvisWalls"):WaitForChild("InvisWalls"),
    [5] = CFrame.new(-118.8722152709961, 131.192138671875, 17.54847717285156, 0.9999556541442871, 0.0008703116909600794, -0.009384164586663246, -5.820766785236131e-11, 0.995727002620697, 0.09234628081321716, 0.009424435906112194, -0.09234218299388885, 0.9956827163696289)
}

game:GetService("Players").LocalPlayer.Character.SprayPaint.Remote:FireServer(unpack(args))

wait(0.1)

local args = {
    [1] = 14878985905,
    [2] = Enum.NormalId.Left,
    [3] = 250,
    [4] = workspace:WaitForChild("Lobby"):WaitForChild("InvisWalls"):WaitForChild("InvisWalls"),
    [5] = CFrame.new(-118.8722152709961, 131.192138671875, 21.54847717285156, 0.9999556541442871, 0.0008703116909600794, -0.009384164586663246, -5.820766785236131e-11, 0.995727002620697, 0.09234628081321716, 0.009424435906112194, -0.09234218299388885, 0.9956827163696289)
}

game:GetService("Players").LocalPlayer.Character.SprayPaint.Remote:FireServer(unpack(args))

wait(0.1)

local args = {
    [1] = 14878985905,
    [2] = Enum.NormalId.Left,
    [3] = 250,
    [4] = workspace:WaitForChild("Lobby"):WaitForChild("InvisWalls"):WaitForChild("InvisWalls"),
    [5] = CFrame.new(-118.8722152709961, 131.192138671875, 25.54847717285156, 0.9999556541442871, 0.0008703116909600794, -0.009384164586663246, -5.820766785236131e-11, 0.995727002620697, 0.09234628081321716, 0.009424435906112194, -0.09234218299388885, 0.9956827163696289)
}

game:GetService("Players").LocalPlayer.Character.SprayPaint.Remote:FireServer(unpack(args))

wait(0.1)

local args = {
    [1] = 14878985905,
    [2] = Enum.NormalId.Left,
    [3] = 250,
    [4] = workspace:WaitForChild("Lobby"):WaitForChild("InvisWalls"):WaitForChild("InvisWalls"),
    [5] = CFrame.new(-118.8722152709961, 131.192138671875, 30.54847717285156, 0.9999556541442871, 0.0008703116909600794, -0.009384164586663246, -5.820766785236131e-11, 0.995727002620697, 0.09234628081321716, 0.009424435906112194, -0.09234218299388885, 0.9956827163696289)
}

game:GetService("Players").LocalPlayer.Character.SprayPaint.Remote:FireServer(unpack(args))

wait(0.1)

local args = {
    [1] = 14878985905,
    [2] = Enum.NormalId.Left,
    [3] = 250,
    [4] = workspace:WaitForChild("Lobby"):WaitForChild("InvisWalls"):WaitForChild("InvisWalls"),
    [5] = CFrame.new(-118.8722152709961, 131.192138671875, 34.54847717285156, 0.9999556541442871, 0.0008703116909600794, -0.009384164586663246, -5.820766785236131e-11, 0.995727002620697, 0.09234628081321716, 0.009424435906112194, -0.09234218299388885, 0.9956827163696289)
}

game:GetService("Players").LocalPlayer.Character.SprayPaint.Remote:FireServer(unpack(args))

wait(0.1)

local args = {
    [1] = 14878985905,
    [2] = Enum.NormalId.Left,
    [3] = 250,
    [4] = workspace:WaitForChild("Lobby"):WaitForChild("InvisWalls"):WaitForChild("InvisWalls"),
    [5] = CFrame.new(-118.8722152709961, 131.192138671875, 38.54847717285156, 0.9999556541442871, 0.0008703116909600794, -0.009384164586663246, -5.820766785236131e-11, 0.995727002620697, 0.09234628081321716, 0.009424435906112194, -0.09234218299388885, 0.9956827163696289)
}

game:GetService("Players").LocalPlayer.Character.SprayPaint.Remote:FireServer(unpack(args))

wait(0.1)

local args = {
    [1] = 14878985905,
    [2] = Enum.NormalId.Left,
    [3] = 250,
    [4] = workspace:WaitForChild("Lobby"):WaitForChild("InvisWalls"):WaitForChild("InvisWalls"),
    [5] = CFrame.new(-118.8722152709961, 131.192138671875, 42.54847717285156, 0.9999556541442871, 0.0008703116909600794, -0.009384164586663246, -5.820766785236131e-11, 0.995727002620697, 0.09234628081321716, 0.009424435906112194, -0.09234218299388885, 0.9956827163696289)
}

game:GetService("Players").LocalPlayer.Character.SprayPaint.Remote:FireServer(unpack(args))

local args = {
    [1] = 14878985905,
    [2] = Enum.NormalId.Right,
    [3] = 250,
    [4] = workspace:WaitForChild("Lobby"):WaitForChild("InvisWalls"):WaitForChild("InvisWalls"),
    [5] = CFrame.new(-118.8722152709961, 131.192138671875, -130.54847717285156, 0.9999556541442871, 0.0008703116909600794, -0.009384164586663246, -5.820766785236131e-11, 0.995727002620697, 0.09234628081321716, 0.009424435906112194, -0.09234218299388885, 0.9956827163696289)
}

game:GetService("Players").LocalPlayer.Character.SprayPaint.Remote:FireServer(unpack(args))

wait(0.1)

local args = {
    [1] = 14878985905,
    [2] = Enum.NormalId.Right,
    [3] = 250,
    [4] = workspace:WaitForChild("Lobby"):WaitForChild("InvisWalls"):WaitForChild("InvisWalls"),
    [5] = CFrame.new(-118.8722152709961, 131.192138671875, -127.54847717285156, 0.9999556541442871, 0.0008703116909600794, -0.009384164586663246, -5.820766785236131e-11, 0.995727002620697, 0.09234628081321716, 0.009424435906112194, -0.09234218299388885, 0.9956827163696289)
}

game:GetService("Players").LocalPlayer.Character.SprayPaint.Remote:FireServer(unpack(args))

wait(0.1)

local args = {
    [1] = 14878985905,
    [2] = Enum.NormalId.Right,
    [3] = 250,
    [4] = workspace:WaitForChild("Lobby"):WaitForChild("InvisWalls"):WaitForChild("InvisWalls"),
    [5] = CFrame.new(-118.8722152709961, 131.192138671875, -125.54847717285156, 0.9999556541442871, 0.0008703116909600794, -0.009384164586663246, -5.820766785236131e-11, 0.995727002620697, 0.09234628081321716, 0.009424435906112194, -0.09234218299388885, 0.9956827163696289)
}

game:GetService("Players").LocalPlayer.Character.SprayPaint.Remote:FireServer(unpack(args))

wait(0.1)

local args = {
    [1] = 14878985905,
    [2] = Enum.NormalId.Right,
    [3] = 250,
    [4] = workspace:WaitForChild("Lobby"):WaitForChild("InvisWalls"):WaitForChild("InvisWalls"),
    [5] = CFrame.new(-118.8722152709961, 131.192138671875, -122.54847717285156, 0.9999556541442871, 0.0008703116909600794, -0.009384164586663246, -5.820766785236131e-11, 0.995727002620697, 0.09234628081321716, 0.009424435906112194, -0.09234218299388885, 0.9956827163696289)
}

game:GetService("Players").LocalPlayer.Character.SprayPaint.Remote:FireServer(unpack(args))

wait(0.1)

local args = {
    [1] = 14878985905,
    [2] = Enum.NormalId.Right,
    [3] = 250,
    [4] = workspace:WaitForChild("Lobby"):WaitForChild("InvisWalls"):WaitForChild("InvisWalls"),
    [5] = CFrame.new(-118.8722152709961, 131.192138671875, -119.54847717285156, 0.9999556541442871, 0.0008703116909600794, -0.009384164586663246, -5.820766785236131e-11, 0.995727002620697, 0.09234628081321716, 0.009424435906112194, -0.09234218299388885, 0.9956827163696289)
}

game:GetService("Players").LocalPlayer.Character.SprayPaint.Remote:FireServer(unpack(args))

wait(0.1)

local args = {
    [1] = 14878985905,
    [2] = Enum.NormalId.Right,
    [3] = 250,
    [4] = workspace:WaitForChild("Lobby"):WaitForChild("InvisWalls"):WaitForChild("InvisWalls"),
    [5] = CFrame.new(-118.8722152709961, 131.192138671875, -115.54847717285156, 0.9999556541442871, 0.0008703116909600794, -0.009384164586663246, -5.820766785236131e-11, 0.995727002620697, 0.09234628081321716, 0.009424435906112194, -0.09234218299388885, 0.9956827163696289)
}

game:GetService("Players").LocalPlayer.Character.SprayPaint.Remote:FireServer(unpack(args))

wait(0.1)

local args = {
    [1] = 14878985905,
    [2] = Enum.NormalId.Right,
    [3] = 250,
    [4] = workspace:WaitForChild("Lobby"):WaitForChild("InvisWalls"):WaitForChild("InvisWalls"),
    [5] = CFrame.new(-118.8722152709961, 131.192138671875, -112.54847717285156, 0.9999556541442871, 0.0008703116909600794, -0.009384164586663246, -5.820766785236131e-11, 0.995727002620697, 0.09234628081321716, 0.009424435906112194, -0.09234218299388885, 0.9956827163696289)
}

game:GetService("Players").LocalPlayer.Character.SprayPaint.Remote:FireServer(unpack(args))

wait(0.1)

local args = {
    [1] = 14878985905,
    [2] = Enum.NormalId.Right,
    [3] = 250,
    [4] = workspace:WaitForChild("Lobby"):WaitForChild("InvisWalls"):WaitForChild("InvisWalls"),
    [5] = CFrame.new(-118.8722152709961, 131.192138671875, -109.54847717285156, 0.9999556541442871, 0.0008703116909600794, -0.009384164586663246, -5.820766785236131e-11, 0.995727002620697, 0.09234628081321716, 0.009424435906112194, -0.09234218299388885, 0.9956827163696289)
}

game:GetService("Players").LocalPlayer.Character.SprayPaint.Remote:FireServer(unpack(args))

wait(0.1)

local args = {
    [1] = 14878985905,
    [2] = Enum.NormalId.Right,
    [3] = 250,
    [4] = workspace:WaitForChild("Lobby"):WaitForChild("InvisWalls"):WaitForChild("InvisWalls"),
    [5] = CFrame.new(-118.8722152709961, 131.192138671875, -105.54847717285156, 0.9999556541442871, 0.0008703116909600794, -0.009384164586663246, -5.820766785236131e-11, 0.995727002620697, 0.09234628081321716, 0.009424435906112194, -0.09234218299388885, 0.9956827163696289)
}

game:GetService("Players").LocalPlayer.Character.SprayPaint.Remote:FireServer(unpack(args))

wait(0.1)

local args = {
    [1] = 14878985905,
    [2] = Enum.NormalId.Right,
    [3] = 250,
    [4] = workspace:WaitForChild("Lobby"):WaitForChild("InvisWalls"):WaitForChild("InvisWalls"),
    [5] = CFrame.new(-118.8722152709961, 131.192138671875, -102.54847717285156, 0.9999556541442871, 0.0008703116909600794, -0.009384164586663246, -5.820766785236131e-11, 0.995727002620697, 0.09234628081321716, 0.009424435906112194, -0.09234218299388885, 0.9956827163696289)
}

game:GetService("Players").LocalPlayer.Character.SprayPaint.Remote:FireServer(unpack(args))

wait(0.1)

local args = {
    [1] = 14878985905,
    [2] = Enum.NormalId.Right,
    [3] = 250,
    [4] = workspace:WaitForChild("Lobby"):WaitForChild("InvisWalls"):WaitForChild("InvisWalls"),
    [5] = CFrame.new(-118.8722152709961, 131.192138671875, -99.54847717285156, 0.9999556541442871, 0.0008703116909600794, -0.009384164586663246, -5.820766785236131e-11, 0.995727002620697, 0.09234628081321716, 0.009424435906112194, -0.09234218299388885, 0.9956827163696289)
}

game:GetService("Players").LocalPlayer.Character.SprayPaint.Remote:FireServer(unpack(args))

wait(0.1)

local args = {
    [1] = 14878985905,
    [2] = Enum.NormalId.Right,
    [3] = 250,
    [4] = workspace:WaitForChild("Lobby"):WaitForChild("InvisWalls"):WaitForChild("InvisWalls"),
    [5] = CFrame.new(-118.8722152709961, 131.192138671875, -95.54847717285156, 0.9999556541442871, 0.0008703116909600794, -0.009384164586663246, -5.820766785236131e-11, 0.995727002620697, 0.09234628081321716, 0.009424435906112194, -0.09234218299388885, 0.9956827163696289)
}

game:GetService("Players").LocalPlayer.Character.SprayPaint.Remote:FireServer(unpack(args))

wait(0.1)

local args = {
    [1] = 14878985905,
    [2] = Enum.NormalId.Right,
    [3] = 250,
    [4] = workspace:WaitForChild("Lobby"):WaitForChild("InvisWalls"):WaitForChild("InvisWalls"),
    [5] = CFrame.new(-118.8722152709961, 131.192138671875, -93.54847717285156, 0.9999556541442871, 0.0008703116909600794, -0.009384164586663246, -5.820766785236131e-11, 0.995727002620697, 0.09234628081321716, 0.009424435906112194, -0.09234218299388885, 0.9956827163696289)
}

game:GetService("Players").LocalPlayer.Character.SprayPaint.Remote:FireServer(unpack(args))

wait(0.1)

local args = {
    [1] = 14878985905,
    [2] = Enum.NormalId.Right,
    [3] = 250,
    [4] = workspace:WaitForChild("Lobby"):WaitForChild("InvisWalls"):WaitForChild("InvisWalls"),
    [5] = CFrame.new(-118.8722152709961, 131.192138671875, -90.54847717285156, 0.9999556541442871, 0.0008703116909600794, -0.009384164586663246, -5.820766785236131e-11, 0.995727002620697, 0.09234628081321716, 0.009424435906112194, -0.09234218299388885, 0.9956827163696289)
}

game:GetService("Players").LocalPlayer.Character.SprayPaint.Remote:FireServer(unpack(args))

wait(0.1)

local args = {
    [1] = 14878985905,
    [2] = Enum.NormalId.Right,
    [3] = 250,
    [4] = workspace:WaitForChild("Lobby"):WaitForChild("InvisWalls"):WaitForChild("InvisWalls"),
    [5] = CFrame.new(-118.8722152709961, 131.192138671875, -87.54847717285156, 0.9999556541442871, 0.0008703116909600794, -0.009384164586663246, -5.820766785236131e-11, 0.995727002620697, 0.09234628081321716, 0.009424435906112194, -0.09234218299388885, 0.9956827163696289)
}

game:GetService("Players").LocalPlayer.Character.SprayPaint.Remote:FireServer(unpack(args))

wait(0.1)

local args = {
    [1] = 14878985905,
    [2] = Enum.NormalId.Right,
    [3] = 250,
    [4] = workspace:WaitForChild("Lobby"):WaitForChild("InvisWalls"):WaitForChild("InvisWalls"),
    [5] = CFrame.new(-118.8722152709961, 131.192138671875, -85.54847717285156, 0.9999556541442871, 0.0008703116909600794, -0.009384164586663246, -5.820766785236131e-11, 0.995727002620697, 0.09234628081321716, 0.009424435906112194, -0.09234218299388885, 0.9956827163696289)
}

game:GetService("Players").LocalPlayer.Character.SprayPaint.Remote:FireServer(unpack(args))

wait(0.1)

local args = {
    [1] = 14878985905,
    [2] = Enum.NormalId.Right,
    [3] = 250,
    [4] = workspace:WaitForChild("Lobby"):WaitForChild("InvisWalls"):WaitForChild("InvisWalls"),
    [5] = CFrame.new(-118.8722152709961, 131.192138671875, -82.54847717285156, 0.9999556541442871, 0.0008703116909600794, -0.009384164586663246, -5.820766785236131e-11, 0.995727002620697, 0.09234628081321716, 0.009424435906112194, -0.09234218299388885, 0.9956827163696289)
}

game:GetService("Players").LocalPlayer.Character.SprayPaint.Remote:FireServer(unpack(args))

wait(0.1)

local args = {
    [1] = 14878985905,
    [2] = Enum.NormalId.Right,
    [3] = 250,
    [4] = workspace:WaitForChild("Lobby"):WaitForChild("InvisWalls"):WaitForChild("InvisWalls"),
    [5] = CFrame.new(-118.8722152709961, 131.192138671875, -78.54847717285156, 0.9999556541442871, 0.0008703116909600794, -0.009384164586663246, -5.820766785236131e-11, 0.995727002620697, 0.09234628081321716, 0.009424435906112194, -0.09234218299388885, 0.9956827163696289)
}

game:GetService("Players").LocalPlayer.Character.SprayPaint.Remote:FireServer(unpack(args))

wait(0.1)

local args = {
    [1] = 14878985905,
    [2] = Enum.NormalId.Right,
    [3] = 250,
    [4] = workspace:WaitForChild("Lobby"):WaitForChild("InvisWalls"):WaitForChild("InvisWalls"),
    [5] = CFrame.new(-118.8722152709961, 131.192138671875, -75.54847717285156, 0.9999556541442871, 0.0008703116909600794, -0.009384164586663246, -5.820766785236131e-11, 0.995727002620697, 0.09234628081321716, 0.009424435906112194, -0.09234218299388885, 0.9956827163696289)
}

game:GetService("Players").LocalPlayer.Character.SprayPaint.Remote:FireServer(unpack(args))

wait(0.1)

local args = {
    [1] = 14878985905,
    [2] = Enum.NormalId.Right,
    [3] = 250,
    [4] = workspace:WaitForChild("Lobby"):WaitForChild("InvisWalls"):WaitForChild("InvisWalls"),
    [5] = CFrame.new(-118.8722152709961, 131.192138671875, -72.54847717285156, 0.9999556541442871, 0.0008703116909600794, -0.009384164586663246, -5.820766785236131e-11, 0.995727002620697, 0.09234628081321716, 0.009424435906112194, -0.09234218299388885, 0.9956827163696289)
}

game:GetService("Players").LocalPlayer.Character.SprayPaint.Remote:FireServer(unpack(args))

wait(0.1)

local args = {
    [1] = 14878985905,
    [2] = Enum.NormalId.Right,
    [3] = 250,
    [4] = workspace:WaitForChild("Lobby"):WaitForChild("InvisWalls"):WaitForChild("InvisWalls"),
    [5] = CFrame.new(-118.8722152709961, 131.192138671875, -69.54847717285156, 0.9999556541442871, 0.0008703116909600794, -0.009384164586663246, -5.820766785236131e-11, 0.995727002620697, 0.09234628081321716, 0.009424435906112194, -0.09234218299388885, 0.9956827163696289)
}

game:GetService("Players").LocalPlayer.Character.SprayPaint.Remote:FireServer(unpack(args))

wait(0.1)

local args = {
    [1] = 14878985905,
    [2] = Enum.NormalId.Right,
    [3] = 250,
    [4] = workspace:WaitForChild("Lobby"):WaitForChild("InvisWalls"):WaitForChild("InvisWalls"),
